run_date,retailer_id,branch_id,timeframe_start,timeframe_end,timeframe_type,num_day,num_day_sell,top_channel,net_revenue_top_channel,percentage_net_revenue_top_channel,num_invoice_sell,total_revenue,total_return_revenue,net_revenue,total_cost,gross_profit,num_invoice_sell_per_day,revenue_per_day,total_return_revenue_per_day,net_revenue_per_day,total_cost_per_day,gross_profit_per_day,bs_category_rev_name_rev,bs_group_revenue,bs_group_revenue_per_inv,bs_category_re_name,bs_group_re_quantity,bs_group_re_revenue,bs_group_return_percent,bs_group_net_rev_name,bs_group_net_revenue,bs_group_net_revenue_per_invoice,bs_group_profit_name,bs_group_profit,bs_group_profit_per_invoice,bs_group_profit_margin,bs_group_inv_name,bs_group_nob_inv,bs_product_rev_name,bs_product_revenue,bs_product_revenue_per_inv,bs_product_re_name,bs_product_re_quantity,bs_product_re_revenue,bs_product_return_percent,bs_product_net_rev_name,bs_product_net_revenue,bs_product_net_revenue_per_invoice,bs_product_profit_name,bs_product_profit,bs_product_profit_per_invoice,bs_product_profit_margin,bs_product_inv_name,bs_product_nob_inv,bs_channel_rev_name,bs_channel_revenue,bs_channel_revenue_per_inv,bs_channel_re_name,bs_channel_re_quantity,bs_channel_re_revenue,bs_channel_return_percent,bs_channel_net_rev_name,bs_channel_net_revenue,bs_channel_net_revenue_per_invoice,bs_channel_profit_name,bs_channel_profit,bs_channel_profit_per_invoice,bs_channel_profit_margin,bs_channel_inv_name,bs_channel_nob_inv,num_types,actual_sold,avg_net_rev_per_product,avg_profit_per_product,new_product_net_revenue,pd_group_quan_name,pd_group_quan_by_quan,pd_group_re_quantity_by_quan,pd_group_net_rev_by_quan,pd_group_profit_by_quan,pd_group_net_rev_name,pd_group_quantity_by_net_rev,pd_group_re_quantity_by_net_rev,pd_group_net_revenue_by_net_rev,pd_group_profit_by_net_rev,pd_group_profit_name,pd_group_quantity_by_profit,pd_group_re_quantity_by_profit,pd_group_net_rev_by_profit,pd_group_profit_by_profit,pd_group_quan_name_lst,pd_group_quan_by_quan_lst,pd_group_re_quantity_by_quan_lst,pd_group_net_rev_by_quan_lst,pd_group_profit_by_quan_lst,pd_group_rev_name_lst,pd_group_quan_by_rev_lst,pd_group_re_quantity_by_rev_lst,pd_group_net_rev_by_rev_lst,pd_group_profit_by_rev_lst,pd_group_profit_name_lst,pd_group_quan_by_profit_lst,pd_group_re_quantity_by_profit_lst,pd_group_net_rev_by_profit_lst,pd_group_profit_by_profit_lst,pd_product_quan_name,pd_product_quan_by_quan,pd_product_re_quantity_by_quan,pd_product_net_rev_by_quan,pd_product_profit_by_quan,pd_product_net_rev_name,pd_product_quantity_by_net_rev,pd_product_re_quantity_by_net_rev,pd_product_net_revenue_by_net_rev,pd_product_profit_by_net_rev,pd_product_profit_name,pd_product_quantity_by_profit,pd_product_re_quantity_by_profit,pd_product_net_rev_by_profit,pd_product_profit_by_profit,pd_product_quan_name_lst,pd_product_quan_by_quan_lst,pd_product_re_quantity_by_quan_lst,pd_product_net_rev_by_quan_lst,pd_product_profit_by_quan_lst,pd_product_rev_name_lst,pd_product_quan_by_rev_lst,pd_product_re_quantity_by_rev_lst,pd_product_net_rev_by_rev_lst,pd_product_profit_by_rev_lst,pd_product_profit_name_lst,pd_product_quan_by_profit_lst,pd_product_re_quantity_by_profit_lst,pd_product_net_rev_by_profit_lst,pd_product_profit_by_profit_lst,avg_order_value,total_customer,repurchase_rate,group_customer_type,num_customer_type,customer_type_ratio,revenue_customer_type,revenue_customer_type_ratio,sale_channels,num_customer_new_array,num_customer_old_array,num_customer_unknown_array,grouping_customer_top10_revenue,revenue_group_customer,revenue_per_invoice_group_customer,grouping_customer_top10_num_return,num_return_group_customer,return_value_group_customer,return_rate_group_customer,grouping_customer_top10_net_revenue,net_revenue_group_customer,net_revenue_per_invoice_group_customer,grouping_customer_top10_profit,profit_group_customer,profit_per_invoice_group_customer,profit_margin_group_customer,grouping_customer_top10_num_invoice,num_invoice_group_customer,grouping_customer_rfm,num_customer_rfm,customer_ratio_rfm,revenue_rfm,return_value_rfm,profit_rfm,customer_gender,num_customer_gender,customer_ratio_gender,group_customer_age,num_customer_age,customer_ratio_age
2025-04-21,500577674,276709,2025-04-07,2025-04-15,7 ngày trước đó,8,8,-1,512756708.0,48.376,68,1167395188.0,107453880.0,1059941308.0,874439629.1817446,185501678.8182557,8.5,145924398.5,13431735.0,132492663.5,109304953.64771809,23187709.85228196,"[""Sơn hàng hải"",""Ống cao su"",""Gang thường - Gang Crom"",""Máy - bơm - củ phát"",""Hàng phụ tùng"",""Dịch vụ"",""Vật tư ngành nước"",""Sơn Trang Trí""]","[440825180,225603250,161766000,119700000,108196500,105138258,5606000,560000]","[7110083,4423593,4372054,14962500,676228,5533592,622888,560000]","[""Sơn hàng hải""]",[95.0],[107453880],[21.3],"[""Sơn hàng hải"",""Ống cao su"",""Gang thường - Gang Crom"",""Máy - bơm - củ phát"",""Hàng phụ tùng"",""Dịch vụ"",""Vật tư ngành nước"",""Sơn Trang Trí""]","[333371300,225603250,161766000,119700000,108196500,105138258,5606000,560000]","[5376956,4423593,4372054,14962500,676228,5533592,622888,560000]","[""Gang thường - Gang Crom"",""Ống cao su"",""Hàng phụ tùng"",""Dịch vụ"",""Máy - bơm - củ phát"",""Vật tư ngành nước"",""Sơn Trang Trí""]","[83041171,39229071,38694259,27788389,13582792,1677999,108952]","[2244355,769197,241839,1462546,1697849,186444,108952]","[51.33,17.39,35.76,26.43,11.35,29.93,19.46]","[""Hàng phụ tùng"",""Sơn hàng hải"",""Ống cao su"",""Gang thường - Gang Crom"",""Dịch vụ"",""Vật tư ngành nước"",""Máy - bơm - củ phát"",""Sơn Trang Trí""]","[160,62,51,37,19,9,8,1]","[""JOTAPRIME 500 ALUMINIUM 20L"",""JOTAPRIME 500 ALU.REDTONED 20L"",""CP PS VTT"",""Bạt xanh gân sần CL"",""Rồng TH"",""Bầu dầu + Bích ren 200CR TY"",""PENGUARD TC STD RED 049 20L"",""Máy QuanTrai Nhập Khẩu"",""JOTUN THINNER NO.17 20L"",""Rồng đỏ TQ""]","[158650000,117950000,101388258,74250000,64800000,64000000,59000000,45000000,41030000,30000000]","[22664285,19658333,33796086,12375000,10800000,64000000,19666666,22500000,4103000,30000000]","[""JOTAPRIME 500 ALU.REDTONED 20L"",""JOTAPRIME 500 ALUMINIUM 20L"",""PENGUARD TC STD RED 049 20L"",""JOTUN THINNER NO.17 20L"",""PENGUARD TC STD BLUE 138 19,18L"",""JOTAMASTIC 80 ALU.REDTONED 18,3L"",""JOTAMASTIC 80 ALUMINIUM 18,3L"",""PENGUARD COMPB 4L"",""JOTUN THINNER NO.17 5L""]","[20.0,13.0,4.0,7.0,2.0,2.0,1.0,9.0,2.0]","[42750000,27350000,11400000,9790000,5466300,4911720,2455860,1900000,680000]","[38.46,18.06,7.41,21.21,200.0,33.33,33.33,13.85,66.67]","[""JOTAPRIME 500 ALUMINIUM 20L"",""CP PS VTT"",""JOTAPRIME 500 ALU.REDTONED 20L"",""Bạt xanh gân sần CL"",""Rồng TH"",""Bầu dầu + Bích ren 200CR TY"",""PENGUARD TC STD RED 049 20L"",""Máy QuanTrai Nhập Khẩu"",""JOTUN THINNER NO.17 20L"",""Rồng đỏ TQ""]","[131300000,101388258,75200000,74250000,64800000,64000000,47600000,45000000,31240000,30000000]","[18757142,33796086,12533333,12375000,10800000,64000000,15866666,22500000,3124000,30000000]","[""Bầu dầu + Bích ren 200CR TY"",""CP PS VTT"",""JOTAPRIME 500 ALUMINIUM 20L"",""JOTAPRIME 500 ALU.REDTONED 20L"",""Bạt xanh gân sần CL"",""Rồng TH"",""Máy QuanTrai Nhập Khẩu"",""JOTUN THINNER NO.17 20L"",""JOTAPRIME 500 COMPB 4L"",""Rồng đỏ TQ""]","[64000000,41694497,32179999,21317813,15949999,9549999,6299999,4740598,4211431,3599999]","[64000000,13898165,4597142,3552968,2658333,1591666,3149999,474059,701905,3599999]","[100.0,41.12,24.51,28.35,21.48,14.74,14.0,15.17,99.8,12.0]","[""Dây thép"",""JOTUN THINNER NO.17 20L"",""Zoăng"",""C Lê Yeti"",""Zoăng"",""JOTAPRIME 500 ALUMINIUM 20L"",""PENGUARD COMPB 4L"",""JOTAPRIME 500 ALU.REDTONED 20L"",""Rồng TH"",""Ruột""]","[11,10,9,7,7,7,7,6,6,6]","[""SC1"",""Tàu Nbs 4500 DWT"",""VM - Tàu 5742"",""Tàu 4245"",""VM - Tàu 3499"",""C Trương SĐ - HP 4163"",""MD - CT Dương Kinh Bắc Nam"",""Tàu Sao Đỏ 08"",""Hương Thảo 02 - HD5919"",""VM - Bông Tông Đình Vũ""]","[545033008,310945180,75350000,58037000,43870000,32945000,32220000,26790000,25965000,7500000]","[11848543,31094518,75350000,58037000,21935000,32945000,32220000,26790000,25965000,7500000]","[""SC1"",""Tàu Nbs 4500 DWT"",""Tàu Xuân Bách 02 - Đồng Chưa""]","[31.0,19.0,7.0]","[32276300,23550000,8727580]","[0.95,7.42,175.0]","[""SC1"",""Tàu Nbs 4500 DWT"",""VM - Tàu 5742"",""Tàu 4245"",""VM - Tàu 3499"",""C Trương SĐ - HP 4163"",""MD - CT Dương Kinh Bắc Nam"",""Tàu Sao Đỏ 08"",""Hương Thảo 02 - HD5919"",""VM - Bông Tông Đình Vũ""]","[512756708,287395180,75350000,58037000,43870000,32945000,32220000,26790000,25965000,7500000]","[11146884,28739518,75350000,58037000,21935000,32945000,32220000,26790000,25965000,7500000]","[""SC1"",""Tàu Nbs 4500 DWT"",""Tàu 4245"",""VM - Tàu 5742"",""VM - Tàu 3499"",""C Trương SĐ - HP 4163"",""Hương Thảo 02 - HD5919"",""Tàu Sao Đỏ 08"",""MD - CT Dương Kinh Bắc Nam"",""HD 6779""]","[174291372,54743371,9325956,8915409,8495433,7362412,7326039,5902800,3022276,1255647]","[3788942,5474337,9325956,8915409,4247716,7362412,7326039,5902800,3022276,1255647]","[33,19,16,11,19,22,28,22,9,47]","[""SC1"",""Tàu Nbs 4500 DWT"",""VM - Tàu 3499"",""Tàu 4245"",""Tàu Xuân Bách 02 - Đồng Chưa"",""Tàu Sao Đỏ 08"",""ALLSEA - LS VENUS"",""VM - Tàu 5742"",""C Trương SĐ - HP 4163"",""VM - Bông Tông Đình Vũ""]","[46,10,2,1,1,1,1,1,1,1]",191,6903.65,153533,26870,16226000,"[""Hàng phụ tùng"",""Ống cao su"",""Gang thường - Gang Crom"",""Sơn hàng hải"",""Máy - bơm - củ phát"",""Vật tư ngành nước"",""Dịch vụ"",""Sơn Trang Trí""]","[3170.0,2135.65,1135.0,446.0,51.0,40.0,19.0,2.0]","[0.0,0.0,0.0,95.0,0.0,0.0,0.0,0.0]","[108196500,225603250,161766000,333371300,119700000,5606000,105138258,560000]","[38694259,39229071,83041171,-18620960,13582792,1677999,27788389,108952]","[""Sơn hàng hải"",""Ống cao su"",""Gang thường - Gang Crom"",""Máy - bơm - củ phát"",""Hàng phụ tùng"",""Dịch vụ"",""Vật tư ngành nước"",""Sơn Trang Trí""]","[446.0,2135.65,1135.0,51.0,3170.0,19.0,40.0,2.0]","[95.0,0.0,0.0,0.0,0.0,0.0,0.0,0.0]","[333371300,225603250,161766000,119700000,108196500,105138258,5606000,560000]","[-18620960,39229071,83041171,13582792,38694259,27788389,1677999,108952]","[""Gang thường - Gang Crom"",""Ống cao su"",""Hàng phụ tùng"",""Dịch vụ"",""Máy - bơm - củ phát"",""Vật tư ngành nước"",""Sơn Trang Trí""]","[1135.0,2135.65,3170.0,19.0,51.0,40.0,2.0]","[0.0,0.0,0.0,0.0,0.0,0.0,0.0]","[161766000,225603250,108196500,105138258,119700000,5606000,560000]","[83041171,39229071,38694259,27788389,13582792,1677999,108952]","[""Sơn Trang Trí"",""Dịch vụ"",""Vật tư ngành nước"",""Máy - bơm - củ phát"",""Sơn hàng hải"",""Gang thường - Gang Crom"",""Ống cao su"",""Hàng phụ tùng""]","[2.0,19.0,40.0,51.0,446.0,1135.0,2135.65,3170.0]","[0.0,0.0,0.0,0.0,95.0,0.0,0.0,0.0]","[560000,105138258,5606000,119700000,333371300,161766000,225603250,108196500]","[108952,27788389,1677999,13582792,-18620960,83041171,39229071,38694259]","[""Sơn Trang Trí"",""Vật tư ngành nước"",""Dịch vụ"",""Hàng phụ tùng"",""Máy - bơm - củ phát"",""Gang thường - Gang Crom"",""Ống cao su"",""Sơn hàng hải""]","[2.0,40.0,19.0,3170.0,51.0,1135.0,2135.65,446.0]","[0.0,0.0,0.0,0.0,0.0,0.0,0.0,95.0]","[560000,5606000,105138258,108196500,119700000,161766000,225603250,333371300]","[108952,1677999,27788389,38694259,13582792,83041171,39229071,-18620960]","[""Sơn Trang Trí"",""Vật tư ngành nước"",""Máy - bơm - củ phát"",""Dịch vụ"",""Hàng phụ tùng"",""Ống cao su"",""Gang thường - Gang Crom""]","[2.0,40.0,51.0,19.0,3170.0,2135.65,1135.0]","[0.0,0.0,0.0,0.0,0.0,0.0,0.0]","[560000,5606000,119700000,105138258,108196500,225603250,161766000]","[108952,1677999,13582792,27788389,38694259,39229071,83041171]","[""Dây thép"",""Bạt xanh gân sần CL"",""Sên crom 200 - 460"",""BL 12*50+LĐVE+Ê"",""BL 10*50+LĐVE+Ê"",""BL 8*30+LĐVE+Ê"",""BL 10*30+LĐVE+Ê"",""Zoăng"",""Zoăng"",""Tuy ô""]","[1006.5,550.0,500.0,483.0,460.0,400.0,270.0,154.0,134.0,120.0]","[0.0,0.0,0.0,0.0,0.0,0.0,0.0,0.0,0.0,0.0]","[20130000,74250000,23000000,1690500,1380000,920000,810000,5330000,1513000,1800000]","[2692180,15949999,3249999,882972,878121,778939,637839,1915251,455070,713673]","[""JOTAPRIME 500 ALUMINIUM 20L"",""CP PS VTT"",""JOTAPRIME 500 ALU.REDTONED 20L"",""Bạt xanh gân sần CL"",""Rồng TH"",""Bầu dầu + Bích ren 200CR TY"",""PENGUARD TC STD RED 049 20L"",""Máy QuanTrai Nhập Khẩu"",""JOTUN THINNER NO.17 20L"",""Rồng đỏ TQ""]","[131300000,101388258,75200000,74250000,64800000,64000000,47600000,45000000,31240000,30000000]","[13.0,0.0,20.0,0.0,0.0,0.0,4.0,0.0,7.0,0.0]","[131300000,101388258,75200000,74250000,64800000,64000000,47600000,45000000,31240000,30000000]","[32179999,41694497,21317813,15949999,9549999,64000000,-74900001,6299999,4740598,3599999]","[""Bầu dầu + Bích ren 200CR TY"",""CP PS VTT"",""JOTAPRIME 500 ALUMINIUM 20L"",""JOTAPRIME 500 ALU.REDTONED 20L"",""Bạt xanh gân sần CL"",""Rồng TH"",""Máy QuanTrai Nhập Khẩu"",""JOTUN THINNER NO.17 20L"",""JOTAPRIME 500 COMPB 4L"",""Rồng đỏ TQ""]","[2.0,3.0,72.0,52.0,550.0,65.0,6.0,33.0,75.0,2.0]","[0.0,0.0,13.0,20.0,0.0,0.0,0.0,7.0,19.0,0.0]","[64000000,101388258,131300000,75200000,74250000,64800000,45000000,31240000,4220000,30000000]","[64000000,41694497,32179999,21317813,15949999,9549999,6299999,4740598,4211431,3599999]","[""Túp 83*135"",""Túp 65*95"",""Củ phát"",""PENGUARD TC STD BLUE 138 19,18L"",""Hộp điện thủy lực"",""Bích ren 200"",""Cước vận chuyển - Xe Anh Long"",""Trục 200"",""Củ phát Sti trần"",""Ba lăng xích kéo""]","[0.2,0.2,1.0,1.0,1.0,1.0,1.0,1.0,1.0,1.0]","[0.0,0.0,0.0,2.0,0.0,0.0,0.0,0.0,0.0,0.0]","[300000,140000,8700000,-2733150,800000,2650000,0,1700000,10400000,3000000]","[119999,55563,1299999,-221530,299999,602262,-300001,549999,1999999,3000000]","[""Ốc"",""BL 10*40+LĐVE+Ê"",""Long đen phẳng""]","[1.0,3.0,16.0]","[0.0,0.0,0.0]","[6000,9000,11200]","[3299,8137,9318]",,,,,,17562957.39393939,40,92.68,"[0,1,2]","[33,5,2]","[82.5,12.5,5.0]","[953291188.00000000,205864000.00000000,8240000.00000000]","[81.66,17.63,0.71]","[""Kênh trực tiếp"",""Tàu Nbs 4500 DWT"",""VM - Tàu 5742"",""Tàu 4245"",""VM - Tàu 3499"",""ALLSEA - LS VENUS"",""Tàu Xuân Bách 02 - Đồng Chưa"",""Tàu Sao Đỏ 08"",""Hương Thảo 02 - HD5919"",""HD 6779""]","[5,1,0,0,0,0,0,0,0,0]","[22,6,1,1,1,1,1,1,1,1]","[2,0,0,0,0,0,0,0,0,0]","[""Vật tư tàu"",""Sơn hàng hải"",""undefined"",""Sơn trang trí""]","[705270008,453325180,8240000,560000]","[15672666,22666259,4120000,560000]","[""Sơn hàng hải""]",[95.0],[107453880],[17.27],"[""Vật tư tàu"",""Sơn hàng hải"",""undefined"",""Sơn trang trí""]","[705270008,345871300,8240000,560000]","[15672666,17293565,4120000,560000]","[""Vật tư tàu"",""undefined"",""Sơn trang trí""]","[200931556,2005067,108952]","[4465145,1002533,108952]","[351.0,410.96,513.99]","[""Vật tư tàu"",""Sơn hàng hải"",""undefined"",""Sơn trang trí""]","[45,20,2,1]","[1,2,3,4,5]","[98,101,62,44,31]","[29.17,30.06,18.45,13.1,9.23]","[43828828488,8551875826,2707181622,689276480,48103580]","[336198640,488582335,262092035,6267000,0]","[10106916688,1789540696,391853950,97156561,-39436675]","[0,1]","[29,9]","[76.32,23.68]",[0],[38],[100.0]
2025-04-21,500577674,276709,2025-04-14,2025-04-21,7 ngày gần nhất,7,7,-1,629935544.0,80.4983,67,824445844.0,41900300.0,782545544.0,752114142.8774663,30431401.122533143,9.571428571428571,117777977.71428572,5985757.142857,111792220.571429,107444877.55392376,4347343.017504735,"[""Ống cao su"",""Sơn hàng hải"",""Dịch vụ"",""Sơn Trang Trí"",""Gang thường - Gang Crom"",""Hàng phụ tùng"",""Nhân công sản xuất"",""Lô chổi giấy giáp"",""Vật tư ngành nước"",""Máy - bơm - củ phát""]","[301524800,215164130,114598814,71110100,61232000,55237000,3200000,1159000,720000,500000]","[7538120,6147546,7162425,3232277,2662260,546900,800000,115900,180000,500000]","[""Sơn hàng hải"",""Vật tư ngành nước"",""Hàng phụ tùng"",""Dịch vụ""]","[38.0,2.0,4.0,1.0]","[37580300,2800000,1520000,0]","[23.46,9.52,0.41,6.25]","[""Ống cao su"",""Sơn hàng hải"",""Dịch vụ"",""Sơn Trang Trí"",""Gang thường - Gang Crom"",""Hàng phụ tùng"",""Nhân công sản xuất"",""Lô chổi giấy giáp"",""Máy - bơm - củ phát""]","[301524800,177583830,114598814,71110100,61232000,53717000,3200000,1159000,500000]","[7538120,5073823,7162425,3232277,2662260,531851,800000,115900,500000]","[""Sơn hàng hải"",""Ống cao su"",""Hàng phụ tùng"",""Gang thường - Gang Crom"",""Nhân công sản xuất"",""Lô chổi giấy giáp""]","[58716619,46023752,23186759,14087713,3200000,197806]","[1677617,1150593,229571,612509,800000,19780]","[33.06,15.26,43.16,23.01,100.0,17.07]","[""Hàng phụ tùng"",""Ống cao su"",""Sơn hàng hải"",""Gang thường - Gang Crom"",""Sơn Trang Trí"",""Dịch vụ"",""Lô chổi giấy giáp"",""Vật tư ngành nước"",""Nhân công sản xuất"",""Máy - bơm - củ phát""]","[101,40,35,23,22,16,10,4,4,1]","[""Rồng đỏ TQ"",""CP PS VTT"",""Bạt xanh gân sần CL"",""PENGUARD TC RAL 7035 18,5L"",""PENGUARD FC STD RED 049"",""PENGUARD TC STD RED 049 20L"",""JOTAPRIME 500 ALU.REDTONED 20L"",""Rồng TH"",""Jotashield Bền Màu Toàn Diện"",""Bạt xanh gân sần GS 150""]","[140700000,107558814,54000000,34632000,29600000,29500000,28600000,26130000,24805000,19500000]","[35175000,21511762,13500000,34632000,29600000,29500000,14300000,8710000,4961000,19500000]","[""JOTAPRIME 500 ALUMINIUM 20L"",""JOTAPRIME 500 ALU.REDTONED 20L"",""PENGUARD TC STD RED 049 20L"",""Đai ống rồng 250"",""PENGUARD COMPB 4L"",""JOTAPRIME 500 COMPB 4L""]","[7.0,5.0,2.0,4.0,3.0,12.0]","[15400000,11000000,5700000,1520000,950000,0]","[350.0,41.67,20.0,14.81,12.5,85.71]","[""Rồng đỏ TQ"",""CP PS VTT"",""Bạt xanh gân sần CL"",""PENGUARD TC RAL 7035 18,5L"",""PENGUARD FC STD RED 049"",""Rồng TH"",""Jotashield Bền Màu Toàn Diện"",""PENGUARD TC STD RED 049 20L"",""Bạt xanh gân sần GS 150"",""Ống chống nổ SNTQ""]","[140700000,107558814,54000000,34632000,29600000,26130000,24805000,23800000,19500000,18100000]","[35175000,21511762,13500000,34632000,29600000,8710000,4961000,23800000,19500000,9050000]","[""PENGUARD TC RAL 7035 18,5L"",""Rồng đỏ TQ"",""Bạt xanh gân sần CL"",""PENGUARD FC STD RED 049"",""Đai ống rồng 250"",""PENGUARD TC STD RED 049 20L"",""JOTAPRIME 500 ALU.REDTONED 20L"",""Rồng TH"",""ALKYDPRIMER QD RED 20L"",""Lãi vay""]","[34632000,16949999,11599999,8399999,7506469,5146112,4838890,3679999,3556875,3540000]","[34632000,4237499,2899999,8399999,1876617,5146112,2419445,1226666,3556875,3540000]","[100.0,12.05,21.48,28.38,85.89,21.62,27.49,14.08,20.92,100.0]","[""Vòng bi"",""Dây thép"",""Jotashield Bền Màu Toàn Diện"",""Majestic Đẹp Hoàn Hảo Bóng"",""BL 18*80+LĐP+Ê"",""CP PS VTT"",""Bạt xanh gân sần CL"",""Majestic Primer"",""Cước vận chuyển - Xe Chú Huân"",""Phớt""]","[6,6,5,5,5,5,4,4,4,4]","[""SC1"",""Tàu Nbs 4500 DWT"",""Tàu Mỹ Dung Đại Hùng 55"",""Hương Thảo 03"",""AN - Tàu BN 1395"",""Tàu Xuân Bách 02 - Đồng Chưa"",""BN 1138"",""Tàu 7057"",""AN - 5665""]","[671835844,50170000,37040000,36405000,16427000,6100000,2156000,2156000,2156000]","[11387048,50170000,37040000,36405000,16427000,6100000,2156000,2156000,2156000]","[""SC1""]",[45.0],[41900300],[1.46],"[""SC1"",""Tàu Nbs 4500 DWT"",""Tàu Mỹ Dung Đại Hùng 55"",""Hương Thảo 03"",""AN - Tàu BN 1395"",""Tàu Xuân Bách 02 - Đồng Chưa"",""Tàu 7057"",""AN - 5665"",""BN 1138""]","[629935544,50170000,37040000,36405000,16427000,6100000,2156000,2156000,2156000]","[10676873,50170000,37040000,36405000,16427000,6100000,2156000,2156000,2156000]","[""Tàu Nbs 4500 DWT"",""Tàu Mỹ Dung Đại Hùng 55"",""Hương Thảo 03"",""AN - Tàu BN 1395"",""BN 1138"",""AN - 5665"",""Tàu 7057"",""Tàu Xuân Bách 02 - Đồng Chưa""]","[8752188,8315999,8045912,1332908,1207999,1207999,1207999,1061618]","[8752188,8315999,8045912,1332908,1207999,1207999,1207999,1061618]","[17,22,22,8,56,56,56,17]","[""SC1"",""Hương Thảo 03"",""AN - Tàu BN 1395"",""Tàu Xuân Bách 02 - Đồng Chưa"",""AN - 5665"",""Tàu 7057"",""Tàu Nbs 4500 DWT"",""Tàu Mỹ Dung Đại Hùng 55"",""BN 1138""]","[59,1,1,1,1,1,1,1,1]",172,3805.62,205628,7996,36432000,"[""Ống cao su"",""Hàng phụ tùng"",""Gang thường - Gang Crom"",""Sơn hàng hải"",""Lô chổi giấy giáp"",""Sơn Trang Trí"",""Vật tư ngành nước"",""Dịch vụ"",""Nhân công sản xuất"",""Máy - bơm - củ phát""]","[1632.7,980.4,798.0,162.0,162.0,73.52,21.0,16.0,4.0,1.0]","[0.0,4.0,0.0,38.0,0.0,0.0,2.0,1.0,0.0,0.0]","[301524800,53717000,61232000,177583830,1159000,71110100,-2080000,114598814,3200000,500000]","[46023752,23186759,14087713,58716619,197806,-9749333,-812453,-104369037,3200000,-50431]","[""Ống cao su"",""Sơn hàng hải"",""Dịch vụ"",""Sơn Trang Trí"",""Gang thường - Gang Crom"",""Hàng phụ tùng"",""Nhân công sản xuất"",""Lô chổi giấy giáp"",""Máy - bơm - củ phát""]","[1632.6999999999998,162.0,16.0,73.52000000000001,798.0,980.4,4.0,162.0,1.0]","[0.0,38.0,1.0,0.0,0.0,4.0,0.0,0.0,0.0]","[301524800,177583830,114598814,71110100,61232000,53717000,3200000,1159000,500000]","[46023752,58716619,-104369037,-9749333,14087713,23186759,3200000,197806,-50431]","[""Sơn hàng hải"",""Ống cao su"",""Hàng phụ tùng"",""Gang thường - Gang Crom"",""Nhân công sản xuất"",""Lô chổi giấy giáp""]","[162.0,1632.7,980.4,798.0,4.0,162.0]","[38.0,0.0,4.0,0.0,0.0,0.0]","[177583830,301524800,53717000,61232000,3200000,1159000]","[58716619,46023752,23186759,14087713,3200000,197806]","[""Máy - bơm - củ phát"",""Nhân công sản xuất"",""Dịch vụ"",""Vật tư ngành nước"",""Sơn Trang Trí"",""Sơn hàng hải"",""Lô chổi giấy giáp"",""Gang thường - Gang Crom"",""Hàng phụ tùng"",""Ống cao su""]","[1.0,4.0,16.0,21.0,73.52,162.0,162.0,798.0,980.4,1632.7]","[0.0,0.0,1.0,2.0,0.0,38.0,0.0,0.0,4.0,0.0]","[500000,3200000,114598814,-2080000,71110100,177583830,1159000,61232000,53717000,301524800]","[-50431,3200000,-104369037,-812453,-9749333,58716619,197806,14087713,23186759,46023752]","[""Máy - bơm - củ phát"",""Lô chổi giấy giáp"",""Nhân công sản xuất"",""Hàng phụ tùng"",""Gang thường - Gang Crom"",""Sơn Trang Trí"",""Dịch vụ"",""Sơn hàng hải"",""Ống cao su""]","[1.0,162.0,4.0,980.4,798.0,73.52,16.0,162.0,1632.7]","[0.0,0.0,0.0,4.0,0.0,0.0,1.0,38.0,0.0]","[500000,1159000,3200000,53717000,61232000,71110100,114598814,177583830,301524800]","[-50431,197806,3200000,23186759,14087713,-9749333,-104369037,58716619,46023752]","[""Lô chổi giấy giáp"",""Nhân công sản xuất"",""Gang thường - Gang Crom"",""Hàng phụ tùng"",""Ống cao su"",""Sơn hàng hải""]","[162.0,4.0,798.0,980.4,1632.7,162.0]","[0.0,0.0,0.0,4.0,0.0,38.0]","[1159000,3200000,61232000,53717000,301524800,177583830]","[197806,3200000,14087713,23186759,46023752,58716619]","[""Bạt xanh gân sần CL"",""Dây thép"",""Sên crom 250 MC"",""Sên crom 200 - 460"",""Tuy ô dầu Nhật"",""Bạt xanh gân sần GS 150"",""Dây bô thái"",""Sắt 6"",""Đá cắt TQ 100"",""Mỡ bò xanh""]","[400.0,395.0,326.0,250.0,200.0,150.0,135.4,104.0,100.0,100.0]","[0.0,0.0,0.0,0.0,0.0,0.0,0.0,0.0,0.0,0.0]","[54000000,7900000,15322000,11500000,3400000,19500000,11102800,1872000,500000,1700000]","[11599999,1007865,2259251,1624999,1188209,2249999,1596469,291199,99999,199999]","[""Rồng đỏ TQ"",""CP PS VTT"",""Bạt xanh gân sần CL"",""PENGUARD TC RAL 7035 18,5L"",""PENGUARD FC STD RED 049"",""Rồng TH"",""Jotashield Bền Màu Toàn Diện"",""PENGUARD TC STD RED 049 20L"",""Bạt xanh gân sần GS 150"",""Ống chống nổ SNTQ""]","[140700000,107558814,54000000,34632000,29600000,26130000,24805000,23800000,19500000,18100000]","[0.0,0.0,0.0,0.0,0.0,0.0,0.0,2.0,0.0,0.0]","[140700000,107558814,54000000,34632000,29600000,26130000,24805000,23800000,19500000,18100000]","[16949999,-101409037,11599999,34632000,8399999,3679999,-11726207,5146112,2249999,2799999]","[""PENGUARD TC RAL 7035 18,5L"",""Rồng đỏ TQ"",""Bạt xanh gân sần CL"",""PENGUARD FC STD RED 049"",""Đai ống rồng 250"",""PENGUARD TC STD RED 049 20L"",""JOTAPRIME 500 ALU.REDTONED 20L"",""Rồng TH"",""ALKYDPRIMER QD RED 20L"",""Lãi vay""]","[9.0,10.0,400.0,10.0,27.0,10.0,12.0,20.0,10.0,1.0]","[0.0,0.0,0.0,0.0,4.0,2.0,5.0,0.0,0.0,0.0]","[34632000,140700000,54000000,29600000,8740000,23800000,17600000,26130000,17000000,3540000]","[34632000,16949999,11599999,8399999,7506469,5146112,4838890,3679999,3556875,3540000]","[""Túp 83*135"",""túp 83*132"",""Cước vận chuyển - Xe Bác Nhỡ"",""Củ ren 200"",""RP7"",""Cước vận chuyển - Xe Anh Dũng"",""Kìm điện"",""Bình dầu két nước máy 20"",""Trục 200"",""Nấm hộp AH""]","[0.3,0.4,1.0,1.0,1.0,1.0,1.0,1.0,1.0,1.0]","[0.0,0.0,0.0,0.0,0.0,0.0,0.0,0.0,0.0,0.0]","[450000,600000,200000,480000,0,100000,90000,500000,1700000,70000]","[179999,279999,-1,480000,-60001,-1,39999,-50431,549999,20994]","[""Giáp vuông 150"",""Lô nhỡ""]","[2.0,3.0]","[0.0,0.0]","[4000,60000]","[2229,18096]",,,,,,12478346.12121212,43,97.67,"[0,1,2]","[37,5,1]","[86.05,11.63,2.33]","[605088844.00000000,218482000.00000000,875000.00000000]","[73.39,26.50,0.11]","[""Kênh trực tiếp"",""Tàu Mỹ Dung Đại Hùng 55"",""Hương Thảo 03"",""Tàu Nbs 4500 DWT"",""Tàu Xuân Bách 02 - Đồng Chưa"",""Tàu 7057"",""AN - Tàu BN 1395"",""AN - 5665"",""BN 1138""]","[5,0,0,0,0,0,0,0,0]","[33,1,1,1,1,1,1,1,1]","[1,0,0,0,0,0,0,0,0]","[""Vật tư tàu"",""Sơn hàng hải"",""Sơn trang trí"",""undefined""]","[534947614,211464130,72269100,5765000]","[13047502,19224011,5559161,2882500]","[""Sơn hàng hải"",""Vật tư tàu""]","[39.0,6.0]","[37580300,4320000]","[15.6,0.19]","[""Vật tư tàu"",""Sơn hàng hải"",""Sơn trang trí"",""undefined""]","[530627614,173883830,72269100,5765000]","[12942136,15807620,5559161,2882500]","[""Sơn hàng hải"",""undefined""]","[56157652,1537360]","[5105241,768680]","[309.64,374.99]","[""Vật tư tàu"",""Sơn trang trí"",""Sơn hàng hải"",""undefined""]","[41,13,11,2]","[1,2,3,4,5]","[99,102,65,44,31]","[29.03,29.91,19.06,12.9,9.09]","[44520666232,8588138926,2741981622,689276480,48103580]","[376578940,490102335,262092035,6267000,0]","[10130659302,1797983059,378694915,97156561,-39436675]","[0,1,2]","[35,6,1]","[83.33,14.29,2.38]",[0],[42],[100.0]
2025-04-21,500577674,276709,2025-03-22,2025-04-21,30 ngày gần nhất,30,30,-1,3827708532.0,56.5984,289,6959060602.0,196139180.0,6762921422.0,5142305715.305609,1620615706.694388,9.633333333333333,231968686.73333332,6537972.666667,225430714.066667,171410190.51018697,54020523.5564796,"[""Ống cao su"",""Gang thường - Gang Crom"",""Sơn hàng hải"",""Dịch vụ"",""Máy - bơm - củ phát"",""Hàng phụ tùng"",""Sơn Trang Trí"",""Vật tư ngành nước"",""Nhân công sản xuất"",""Lô chổi giấy giáp""]","[2205660991,1334136926,1082678738,755425614,678450000,660213233,195828100,35810000,7723000,2974000]","[6178322,5273268,7315396,7951848,16961250,768583,3059814,587049,858111,141619]","[""Sơn hàng hải"",""Ống cao su"",""Hàng phụ tùng"",""Vật tư ngành nước"",""Gang thường - Gang Crom"",""Dịch vụ""]","[149.0,2.0,25.0,2.0,1.0,1.0]","[166334180,14855000,9500000,2800000,2650000,0]","[16.13,0.01,0.14,0.52,0.01,1.05]","[""Ống cao su"",""Gang thường - Gang Crom"",""Sơn hàng hải"",""Dịch vụ"",""Máy - bơm - củ phát"",""Hàng phụ tùng"",""Sơn Trang Trí"",""Vật tư ngành nước"",""Nhân công sản xuất"",""Lô chổi giấy giáp""]","[2190805991,1331486926,916344558,755425614,678450000,650713233,195828100,33010000,7723000,2974000]","[6136711,5262794,6191517,7951848,16961250,757524,3059814,541147,858111,141619]","[""Ống cao su"",""Gang thường - Gang Crom"",""Dịch vụ"",""Hàng phụ tùng"",""Sơn hàng hải"",""Máy - bơm - củ phát"",""Sơn Trang Trí"",""Nhân công sản xuất"",""Vật tư ngành nước"",""Lô chổi giấy giáp""]","[400506615,381373192,307201508,242927406,140205900,109468946,22527650,7723000,7604024,917462]","[1121867,1507403,3233700,282802,947337,2736723,351994,858111,124656,43688]","[18.28,28.64,40.67,37.33,15.3,16.14,11.5,100.0,23.04,30.85]","[""Hàng phụ tùng"",""Ống cao su"",""Gang thường - Gang Crom"",""Sơn hàng hải"",""Dịch vụ"",""Sơn Trang Trí"",""Vật tư ngành nước"",""Máy - bơm - củ phát"",""Lô chổi giấy giáp"",""Nhân công sản xuất""]","[859,357,253,148,95,64,61,40,21,9]","[""Bạt xanh gân sần CL"",""Lãi vay"",""Rồng TH"",""CP PS VTT"",""Rồng đỏ TQ"",""JOTAPRIME 500 ALU.REDTONED 20L"",""JOTAPRIME 500 ALUMINIUM 20L"",""Máy Q.Chai nhập khẩu S1110"",""Dây thép"",""Sên""]","[890220926,386980000,375130000,307297614,298200000,252000000,224800000,184300000,171213015,153690000]","[30697273,128993333,15630416,21949829,27109090,25200000,20436363,30716666,2634046,10246000]","[""JOTAPRIME 500 ALU.REDTONED 20L"",""JOTAPRIME 500 ALUMINIUM 20L"",""PENGUARD TC STD RED 049 20L"",""Rồng đỏ TQ"",""PENGUARD TC STD BLUE 138 19,18L"",""JOTUN THINNER NO.17 20L"",""Đai ống rồng 273"",""JOTAMASTIC 80 ALU.REDTONED 18,3L"",""JOTAFIX EPOXY PRIMER RED 18L"",""PENGUARD TC STD BLUE 138 4,79L""]","[25.0,20.0,9.0,1.0,4.0,7.0,18.0,2.0,2.0,5.0]","[53750000,42750000,25950000,14800000,11366300,9790000,7200000,4911720,3600000,3480300]","[21.74,19.23,13.85,5.26,66.67,12.73,90.0,14.29,16.67,250.0]","[""Bạt xanh gân sần CL"",""Lãi vay"",""Rồng TH"",""CP PS VTT"",""Rồng đỏ TQ"",""JOTAPRIME 500 ALU.REDTONED 20L"",""Máy Q.Chai nhập khẩu S1110"",""JOTAPRIME 500 ALUMINIUM 20L"",""Dây thép"",""Sên""]","[890220926,386980000,375130000,307297614,283400000,198250000,184300000,182050000,171213015,153690000]","[30697273,128993333,15630416,21949829,25763636,19825000,30716666,16550000,2634046,10246000]","[""Lãi vay"",""Bạt xanh gân sần CL"",""Bầu dầu + Bích ren 200CR TY"",""Rồng TH"",""JOTAPRIME 500 ALU.REDTONED 20L"",""JOTAPRIME 500 ALUMINIUM 20L"",""VAT HH"",""Ống chống nổ 150"",""PENGUARD TC RAL 7035 18,5L"",""Rồng đỏ TQ""]","[386980000,180020925,96000000,52779999,45926703,42105999,36281138,34640589,34632000,32317999]","[128993333,6207618,48000000,2199166,4592670,3827818,12093712,2037681,34632000,2937999]","[100.0,20.22,100.0,14.07,23.17,23.13,71.63,28.46,100.0,11.4]","[""Zoăng"",""Dây thép"",""Zoăng"",""C Lê Yeti"",""Vòng bi"",""Van nhựa JR"",""Tuy ô"",""Ống nhựa TP C2"",""Bạt xanh gân sần CL"",""Cước vận chuyển - Xe Chú Huân""]","[71,65,46,39,36,35,34,30,29,25]","[""SC1"",""Tàu Nbs 4500 DWT"",""Tàu chú Như Thư QN 7285"",""HC - TAU HP 5958"",""HC - TAU HP 4833"",""Chú Liêm - Tàu 5928"",""HD 2176"",""MD - CT Dương Kinh Bắc Nam"",""HD 6778"",""HD 2835""]","[3944570132,574255630,213579000,179254000,154657000,134039200,131081700,123753000,108859500,104016000]","[18964279,27345506,213579000,179254000,154657000,67019600,131081700,61876500,108859500,104016000]","[""SC1"",""Tàu Nbs 4500 DWT"",""Tàu Xuân Bách 02 - Đồng Chưa"",""Tàu Mỹ Dung Đại Hùng 55"",""Chú Liêm - Tàu 5928""]","[109.0,19.0,7.0,5.0,2.0]","[116861600,23550000,8727580,3600000,500000]","[0.44,3.83,26.92,19.23,0.15]","[""SC1"",""Tàu Nbs 4500 DWT"",""Tàu chú Như Thư QN 7285"",""HC - TAU HP 5958"",""HC - TAU HP 4833"",""Chú Liêm - Tàu 5928"",""HD 2176"",""MD - CT Dương Kinh Bắc Nam"",""HD 6778"",""HD 2835""]","[3827708532,550705630,213579000,179254000,154657000,133539200,131081700,123753000,108859500,104016000]","[18402444,26224077,213579000,179254000,154657000,66769600,131081700,61876500,108859500,104016000]","[""SC1"",""Tàu Nbs 4500 DWT"",""Tàu chú Như Thư QN 7285"",""HC - TAU HP 5958"",""HD 6778"",""Chú Liêm - Tàu 5928"",""HD 2176"",""HC - TAU HP 4833"",""MD - CT Dương Kinh Bắc Nam"",""HD 2835""]","[1117755272,95524160,46538814,40111823,35876519,28882031,28291427,27530772,22529495,20631784]","[5373823,4548769,46538814,40111823,35876519,14441015,28291427,27530772,11264747,20631784]","[29,17,21,22,32,21,21,17,18,19]","[""SC1"",""Tàu Nbs 4500 DWT"",""VM - Tàu 3499"",""Tàu Xuân Bách 02 - Đồng Chưa"",""Tàu 4245"",""Tàu SĐ 07"",""MD - Bắc Nam"",""Hương Thảo 01 - HD 5929"",""Cô Hạnh Viện - Tàu 4464"",""Chú Liêm - Tàu 5928""]","[208,21,3,3,2,2,2,2,2,2]",510,51601.02,131061,31406,130507400,"[""Ống cao su"",""Hàng phụ tùng"",""Gang thường - Gang Crom"",""Sơn hàng hải"",""Lô chổi giấy giáp"",""Vật tư ngành nước"",""Sơn Trang Trí"",""Máy - bơm - củ phát"",""Dịch vụ"",""Nhân công sản xuất""]","[22162.2,18344.8,9156.5,924.0,390.0,382.0,176.52,135.0,95.0,11.0]","[2.0,25.0,1.0,149.0,0.0,2.0,0.0,0.0,1.0,0.0]","[2190805991,650713233,1331486926,916344558,2974000,33010000,195828100,678450000,755425614,7723000]","[400506615,242927406,381373192,140205900,917462,7604024,22527650,109468946,307201508,7723000]","[""Ống cao su"",""Gang thường - Gang Crom"",""Sơn hàng hải"",""Dịch vụ"",""Máy - bơm - củ phát"",""Hàng phụ tùng"",""Sơn Trang Trí"",""Vật tư ngành nước"",""Nhân công sản xuất"",""Lô chổi giấy giáp""]","[22162.199999999997,9156.5,924.0,95.0,135.0,18344.8,176.52,382.0,11.0,390.0]","[2.0,1.0,149.0,1.0,0.0,25.0,0.0,2.0,0.0,0.0]","[2190805991,1331486926,916344558,755425614,678450000,650713233,195828100,33010000,7723000,2974000]","[400506615,381373192,140205900,307201508,109468946,242927406,22527650,7604024,7723000,917462]","[""Ống cao su"",""Gang thường - Gang Crom"",""Dịch vụ"",""Hàng phụ tùng"",""Sơn hàng hải"",""Máy - bơm - củ phát"",""Sơn Trang Trí"",""Nhân công sản xuất"",""Vật tư ngành nước"",""Lô chổi giấy giáp""]","[22162.2,9156.5,95.0,18344.8,924.0,135.0,176.52,11.0,382.0,390.0]","[2.0,1.0,1.0,25.0,149.0,0.0,0.0,0.0,2.0,0.0]","[2190805991,1331486926,755425614,650713233,916344558,678450000,195828100,7723000,33010000,2974000]","[400506615,381373192,307201508,242927406,140205900,109468946,22527650,7723000,7604024,917462]","[""Đồ Tuy ô TL"",""Nhân công sản xuất"",""Dịch vụ"",""Máy - bơm - củ phát"",""Sơn Trang Trí"",""Vật tư ngành nước"",""Lô chổi giấy giáp"",""Sơn hàng hải"",""Gang thường - Gang Crom"",""Hàng phụ tùng""]","[4.0,11.0,95.0,135.0,176.52,382.0,390.0,924.0,9156.5,18344.8]","[0.0,0.0,1.0,0.0,0.0,2.0,0.0,149.0,1.0,25.0]","[160000,7723000,755425614,678450000,195828100,33010000,2974000,916344558,1331486926,650713233]","[160000,7723000,307201508,109468946,22527650,7604024,917462,140205900,381373192,242927406]","[""Đồ Tuy ô TL"",""Lô chổi giấy giáp"",""Nhân công sản xuất"",""Vật tư ngành nước"",""Sơn Trang Trí"",""Hàng phụ tùng"",""Máy - bơm - củ phát"",""Dịch vụ"",""Sơn hàng hải"",""Gang thường - Gang Crom""]","[4.0,390.0,11.0,382.0,176.52,18344.8,135.0,95.0,924.0,9156.5]","[0.0,0.0,0.0,2.0,0.0,25.0,0.0,1.0,149.0,1.0]","[160000,2974000,7723000,33010000,195828100,650713233,678450000,755425614,916344558,1331486926]","[160000,917462,7723000,7604024,22527650,242927406,109468946,307201508,140205900,381373192]","[""Đồ Tuy ô TL"",""Lô chổi giấy giáp"",""Vật tư ngành nước"",""Nhân công sản xuất"",""Sơn Trang Trí"",""Máy - bơm - củ phát"",""Sơn hàng hải"",""Hàng phụ tùng"",""Dịch vụ"",""Gang thường - Gang Crom""]","[4.0,390.0,382.0,11.0,176.52,135.0,924.0,18344.8,95.0,9156.5]","[0.0,0.0,2.0,0.0,0.0,0.0,149.0,25.0,1.0,1.0]","[160000,2974000,33010000,7723000,195828100,678450000,916344558,650713233,755425614,1331486926]","[160000,917462,7604024,7723000,22527650,109468946,140205900,242927406,307201508,381373192]","[""Dây thép"",""Bạt xanh gân sần CL"",""Zoăng"",""BL 12*50+LĐVE+Ê"",""Sên crom 200 - 460"",""BL 10*50+LĐVE+Ê"",""BL 10*30+LĐVE+Ê"",""Bích hoa crom"",""Cánh crom 200"",""BL 8*30+LĐVE+Ê""]","[8553.1,6700.0,2496.0,2046.0,2008.0,1860.0,1643.0,1525.0,1483.5,1360.0]","[0.0,0.0,0.0,0.0,0.0,0.0,0.0,0.0,0.0,0.0]","[171213015,890220926,32024600,7161000,92368000,5580000,4929000,70150000,68202250,3128000]","[27222707,180020925,9561356,3740292,13051999,3550665,3881373,9912499,8616501,2648395]","[""Bạt xanh gân sần CL"",""Lãi vay"",""Rồng TH"",""CP PS VTT"",""Rồng đỏ TQ"",""JOTAPRIME 500 ALU.REDTONED 20L"",""Máy Q.Chai nhập khẩu S1110"",""JOTAPRIME 500 ALUMINIUM 20L"",""Dây thép"",""Sên""]","[890220926,386980000,375130000,307297614,283400000,198250000,184300000,182050000,171213015,153690000]","[0.0,0.0,0.0,0.0,1.0,25.0,0.0,20.0,0.0,0.0]","[890220926,386980000,375130000,307297614,283400000,198250000,184300000,182050000,171213015,153690000]","[180020925,386980000,52779999,-55105496,32317999,45926703,27579999,42105999,27222707,24917999]","[""Lãi vay"",""Bạt xanh gân sần CL"",""Bầu dầu + Bích ren 200CR TY"",""Rồng TH"",""JOTAPRIME 500 ALU.REDTONED 20L"",""JOTAPRIME 500 ALUMINIUM 20L"",""VAT HH"",""Ống chống nổ 150"",""PENGUARD TC RAL 7035 18,5L"",""Rồng đỏ TQ""]","[3.0,6700.0,3.0,360.0,115.0,104.0,3.0,410.0,9.0,19.0]","[0.0,0.0,0.0,0.0,25.0,20.0,0.0,0.0,0.0,1.0]","[386980000,890220926,96000000,375130000,198250000,182050000,50647238,121700000,34632000,283400000]","[386980000,180020925,96000000,52779999,45926703,42105999,36281138,34640589,34632000,32317999]","[""Túp 70*112 (Túp 150-TY)"",""túp 83*132"",""Hộp số 26A 4/1 KJY"",""Bầu dầu + Bích ren thường 200TY"",""JOTUN THINNER NO.7 5L"",""Máy khoan Dekton - M13"",""Máy Koop Nhập Khẩu - S1128 - L1 - Đề"",""Vòng bi 3 mảnh"",""Hơi 24 én"",""Rồng TH""]","[0.1,0.4,1.0,1.0,1.0,1.0,1.0,1.0,1.0,1.0]","[0.0,0.0,0.0,0.0,0.0,0.0,0.0,1.0,0.0,0.0]","[65000,600000,12500000,0,375000,720000,12500000,0,550000,500000]","[65000,279999,2065217,0,77999,39999,1299999,-1,206609,74999]",,,,,,,,,,,24468540.85211268,112,98.17,"[0,1,2]","[86,21,5]","[76.79,18.75,4.46]","[6118929582.00000000,830136020.00000000,9995000.00000000]","[87.93,11.93,0.14]","[""Kênh trực tiếp"",""Tàu Nbs 4500 DWT"",""Tàu Xuân Bách 02 - Đồng Chưa"",""ĐH - Tàu 09"",""MD - Bắc Nam"",""VM - Tàu 5742"",""Tàu Mỹ Dung Đại Hùng 55"",""TB 1634"",""Tàu 4245"",""Tàu chú Như Thư QN 7285""]","[20,2,0,0,0,0,0,0,0,0]","[69,14,2,1,1,1,1,1,1,1]","[5,0,0,0,0,0,0,0,0,0]","[""Vật tư tàu"",""Sơn hàng hải"",""Khoản vay"",""Sơn trang trí"",""undefined""]","[5270674764,1088058738,383440000,202002100,14885000]","[26485802,22205280,191720000,6121275,2480833]","[""Sơn hàng hải"",""Vật tư tàu""]","[150.0,30.0]","[166334180,29805000]","[13.43,0.06]","[""Vật tư tàu"",""Sơn hàng hải"",""Khoản vay"",""Sơn trang trí"",""undefined""]","[5240869764,921724558,383440000,202002100,14885000]","[26336028,18810705,191720000,6121275,2480833]","[""Vật tư tàu"",""Khoản vay"",""Sơn hàng hải"",""Sơn trang trí"",""undefined""]","[1067926567,383440000,139847598,25095112,4306427]","[5366465,191720000,2854032,760457,717737]","[490.75,100.0,659.09,804.95,345.65]","[""Vật tư tàu"",""Sơn hàng hải"",""Sơn trang trí"",""undefined"",""Khoản vay""]","[199,49,33,6,2]","[1,2,3,4,5]","[99,102,65,44,31]","[29.03,29.91,19.06,12.9,9.09]","[44520666232,8588138926,2741981622,689276480,48103580]","[376578940,490102335,262092035,6267000,0]","[10130659302,1797983059,378694915,97156561,-39436675]","[0,1,2]","[88,16,3]","[82.24,14.95,2.8]",[0],[107],[100.0]
