run_date,retailer_id,branch_id,timeframe_start,timeframe_end,timeframe_type,num_day,num_day_sell,top_channel,net_revenue_top_channel,percentage_net_revenue_top_channel,num_invoice_sell,total_revenue,total_return_revenue,net_revenue,total_cost,gross_profit,num_invoice_sell_per_day,revenue_per_day,total_return_revenue_per_day,net_revenue_per_day,total_cost_per_day,gross_profit_per_day,bs_category_rev_name_rev,bs_group_revenue,bs_group_revenue_per_inv,bs_category_re_name,bs_group_re_quantity,bs_group_re_revenue,bs_group_return_percent,bs_group_net_rev_name,bs_group_net_revenue,bs_group_net_revenue_per_invoice,bs_group_profit_name,bs_group_profit,bs_group_profit_per_invoice,bs_group_profit_margin,bs_group_inv_name,bs_group_nob_inv,bs_product_rev_name,bs_product_revenue,bs_product_revenue_per_inv,bs_product_re_name,bs_product_re_quantity,bs_product_re_revenue,bs_product_return_percent,bs_product_net_rev_name,bs_product_net_revenue,bs_product_net_revenue_per_invoice,bs_product_profit_name,bs_product_profit,bs_product_profit_per_invoice,bs_product_profit_margin,bs_product_inv_name,bs_product_nob_inv,bs_channel_rev_name,bs_channel_revenue,bs_channel_revenue_per_inv,bs_channel_re_name,bs_channel_re_quantity,bs_channel_re_revenue,bs_channel_return_percent,bs_channel_net_rev_name,bs_channel_net_revenue,bs_channel_net_revenue_per_invoice,bs_channel_profit_name,bs_channel_profit,bs_channel_profit_per_invoice,bs_channel_profit_margin,bs_channel_inv_name,bs_channel_nob_inv,num_types,actual_sold,avg_net_rev_per_product,avg_profit_per_product,new_product_net_revenue,pd_group_quan_name,pd_group_quan_by_quan,pd_group_re_quantity_by_quan,pd_group_net_rev_by_quan,pd_group_profit_by_quan,pd_group_net_rev_name,pd_group_quantity_by_net_rev,pd_group_re_quantity_by_net_rev,pd_group_net_revenue_by_net_rev,pd_group_profit_by_net_rev,pd_group_profit_name,pd_group_quantity_by_profit,pd_group_re_quantity_by_profit,pd_group_net_rev_by_profit,pd_group_profit_by_profit,pd_group_quan_name_lst,pd_group_quan_by_quan_lst,pd_group_re_quantity_by_quan_lst,pd_group_net_rev_by_quan_lst,pd_group_profit_by_quan_lst,pd_group_rev_name_lst,pd_group_quan_by_rev_lst,pd_group_re_quantity_by_rev_lst,pd_group_net_rev_by_rev_lst,pd_group_profit_by_rev_lst,pd_group_profit_name_lst,pd_group_quan_by_profit_lst,pd_group_re_quantity_by_profit_lst,pd_group_net_rev_by_profit_lst,pd_group_profit_by_profit_lst,pd_product_quan_name,pd_product_quan_by_quan,pd_product_re_quantity_by_quan,pd_product_net_rev_by_quan,pd_product_profit_by_quan,pd_product_net_rev_name,pd_product_quantity_by_net_rev,pd_product_re_quantity_by_net_rev,pd_product_net_revenue_by_net_rev,pd_product_profit_by_net_rev,pd_product_profit_name,pd_product_quantity_by_profit,pd_product_re_quantity_by_profit,pd_product_net_rev_by_profit,pd_product_profit_by_profit,pd_product_quan_name_lst,pd_product_quan_by_quan_lst,pd_product_re_quantity_by_quan_lst,pd_product_net_rev_by_quan_lst,pd_product_profit_by_quan_lst,pd_product_rev_name_lst,pd_product_quan_by_rev_lst,pd_product_re_quantity_by_rev_lst,pd_product_net_rev_by_rev_lst,pd_product_profit_by_rev_lst,pd_product_profit_name_lst,pd_product_quan_by_profit_lst,pd_product_re_quantity_by_profit_lst,pd_product_net_rev_by_profit_lst,pd_product_profit_by_profit_lst,avg_order_value,total_customer,repurchase_rate,group_customer_type,num_customer_type,customer_type_ratio,revenue_customer_type,revenue_customer_type_ratio,sale_channels,num_customer_new_array,num_customer_old_array,num_customer_unknown_array,grouping_customer_top10_revenue,revenue_group_customer,revenue_per_invoice_group_customer,grouping_customer_top10_num_return,num_return_group_customer,return_value_group_customer,return_rate_group_customer,grouping_customer_top10_net_revenue,net_revenue_group_customer,net_revenue_per_invoice_group_customer,grouping_customer_top10_profit,profit_group_customer,profit_per_invoice_group_customer,profit_margin_group_customer,grouping_customer_top10_num_invoice,num_invoice_group_customer,grouping_customer_rfm,num_customer_rfm,customer_ratio_rfm,revenue_rfm,return_value_rfm,profit_rfm,customer_gender,num_customer_gender,customer_ratio_gender,group_customer_age,num_customer_age,customer_ratio_age
2025-04-21,541173,32600,2025-04-07,2025-04-15,7 ngày trước đó,8,8,261856,1546528654.0,83.6619,12323,1901150444.0,52605090.0,1848545354.0,1418220075.0139728,430325278.9860269,1540.375,237643805.5,6575636.25,231068169.25,177277509.3767466,53790659.87325337,"[""Dược Mỹ Phẩm"",""Thuốc"",""Mỹ Phẩm"",""Skincare"",""VẬT TƯ""]","[1354173693,274393832,262611238,6015681,3956000]","[149450,129982,85792,45230,141285]","[""Dược Mỹ Phẩm"",""Mỹ Phẩm"",""Thuốc"",""Skincare""]","[213.0,123.0,78.0,1.0]","[33829590,9501500,9239000,35000]","[2.16,3.67,3.4,0.57]","[""Dược Mỹ Phẩm"",""Thuốc"",""Mỹ Phẩm"",""Skincare"",""VẬT TƯ""]","[1320344103,265154832,253109738,5980681,3956000]","[145717,125606,82688,44967,141285]","[""Dược Mỹ Phẩm"",""Thuốc"",""Mỹ Phẩm"",""VẬT TƯ"",""Skincare""]","[311944005,59108296,53914294,3956000,1402680]","[34427,28000,17613,141285,10546]","[23.63,22.29,21.3,100.0,23.45]","[""Dược Mỹ Phẩm"",""Mỹ Phẩm"",""Thuốc"",""Skincare"",""VẬT TƯ""]","[9061,3061,2111,133,28]","[""TRẮNG ADVANCED NOURISH - Sữa rửa mặt HADA LABO dưỡng ẩm 80G"",""Derma forte ADCANCED"",""Megaduo Gel - Bản Thường 15g"",""Nước tẩy trang JMSolution Water Luminous SOS Ringer Cleansing Water Black 850ml"",""Drceutics Nước Tẩy Trang Ultra-mild OLIVE Cleansing Water 500ml"",""Megaduo - BẢN PLUS 15g"",""XANH ANCE CARE DA MỤN - Sữa rửa mặt HADA LABO 80G"",""Derma forte (bản thường)"",""XANH TRẮNG DA PERFECT WHITE - Sữa rửa mặt HADA LABO Tranexemic Acid Cleanser 80G"",""Nước tẩy trang JMSOLUTION DERMA CARE CENTELLA CLEANSING WATER Clear 500ml""]","[97563360,71082577,70608365,69371814,62698197,58625688,53876682,49908481,46584978,44976299]","[78934,121716,135785,163612,156354,150322,89199,114996,87896,129242]","[""TRẮNG ADVANCED NOURISH - Sữa rửa mặt HADA LABO dưỡng ẩm 80G"",""Derma forte ADCANCED"",""XANH TRẮNG DA PERFECT WHITE - Sữa rửa mặt HADA LABO Tranexemic Acid Cleanser 80G"",""Megaduo Gel - Bản Thường 15g"",""Drceutics Nước Tẩy Trang Ultra-mild OLIVE Cleansing Water 500ml"",""XANH ANCE CARE DA MỤN - Sữa rửa mặt HADA LABO 80G"",""Nước tẩy trang JMSolution Water Luminous SOS Ringer Cleansing Water Black 500ml"",""Derma forte (bản thường)"",""Megaduo - BẢN PLUS 15g"",""ĐỎ PRO ANTI AGING - Sữa rửa mặt HADA LABO 80G""]","[48.0,27.0,29.0,18.0,14.0,21.0,14.0,15.0,11.0,18.0]","[3318000,3055000,2423000,2261000,2148000,1758000,1744000,1560000,1559000,1508000]","[3.4,4.3,5.18,3.2,3.43,3.25,4.83,3.13,2.64,4.43]","[""TRẮNG ADVANCED NOURISH - Sữa rửa mặt HADA LABO dưỡng ẩm 80G"",""Nước tẩy trang JMSolution Water Luminous SOS Ringer Cleansing Water Black 850ml"",""Megaduo Gel - Bản Thường 15g"",""Derma forte ADCANCED"",""Drceutics Nước Tẩy Trang Ultra-mild OLIVE Cleansing Water 500ml"",""Megaduo - BẢN PLUS 15g"",""XANH ANCE CARE DA MỤN - Sữa rửa mặt HADA LABO 80G"",""Derma forte (bản thường)"",""Nước tẩy trang JMSOLUTION DERMA CARE CENTELLA CLEANSING WATER Clear 500ml"",""XANH TRẮNG DA PERFECT WHITE - Sữa rửa mặt HADA LABO Tranexemic Acid Cleanser 80G""]","[94245360,68576814,68347365,68027577,60550197,57066688,52118682,48348481,44341299,44161978]","[76250,161737,131437,116485,150997,146324,86289,111402,127417,83324]","[""Nước tẩy trang JMSolution Water Luminous SOS Ringer Cleansing Water Black 850ml"",""Derma forte ADCANCED"",""TRẮNG ADVANCED NOURISH - Sữa rửa mặt HADA LABO dưỡng ẩm 80G"",""Drceutics Nước Tẩy Trang Ultra-mild OLIVE Cleansing Water 500ml"",""Megaduo - BẢN PLUS 15g"",""Megaduo Gel - Bản Thường 15g"",""XANH TRẮNG DA PERFECT WHITE - Sữa rửa mặt HADA LABO Tranexemic Acid Cleanser 80G"",""XANH ANCE CARE DA MỤN - Sữa rửa mặt HADA LABO 80G"",""Derma forte (bản thường)"",""Nước tẩy trang JMSOLUTION DERMA CARE CENTELLA CLEANSING WATER Clear 500ml""]","[19328813,16779104,15935309,15673596,11706687,11253164,11239977,11013643,10864704,9790298]","[45586,28731,12892,39086,30017,21640,21207,18234,25033,28133]","[28.19,24.67,16.91,25.89,20.51,16.46,25.45,21.13,22.47,22.08]","[""TRẮNG ADVANCED NOURISH - Sữa rửa mặt HADA LABO dưỡng ẩm 80G"",""XANH ANCE CARE DA MỤN - Sữa rửa mặt HADA LABO 80G"",""Derma forte ADCANCED"",""XANH TRẮNG DA PERFECT WHITE - Sữa rửa mặt HADA LABO Tranexemic Acid Cleanser 80G"",""Megaduo Gel - Bản Thường 15g"",""Derma forte (bản thường)"",""Nước tẩy trang JMSolution Water Luminous SOS Ringer Cleansing Water Black 850ml"",""Drceutics Nước Tẩy Trang Ultra-mild OLIVE Cleansing Water 500ml"",""Bông tẩy trang LIKADO 222 miếng"",""Megaduo - BẢN PLUS 15g""]","[1236,604,584,530,520,434,424,401,391,390]","[""Dr Thêm Official Store"",""Mila Cosmetics Store"",""Dr Thêm"",""SC1""]","[1591743694,152119950,151296800,5990000]","[149726,366554,122210,153589]","[""Dr Thêm Official Store"",""Dr Thêm"",""Mila Cosmetics Store""]","[373.0,30.0,12.0]","[45215040,3770900,3619150]","[2.75,2.04,1.93]","[""Dr Thêm Official Store"",""Mila Cosmetics Store"",""Dr Thêm"",""SC1""]","[1546528654,148500800,147525900,5990000]","[145473,357833,119164,153589]","[""Dr Thêm Official Store"",""Dr Thêm"",""Mila Cosmetics Store"",""SC1""]","[371995194,38079085,17719335,2531661]","[34991,30758,42697,64914]","[24,25,11,42]","[""Dr Thêm Official Store"",""Dr Thêm"",""Mila Cosmetics Store"",""SC1""]","[10631,1238,415,39]",404,15290.0,120898,28144,0,"[""Dược Mỹ Phẩm"",""Mỹ Phẩm"",""Thuốc"",""Skincare"",""VẬT TƯ""]","[9852.0,3352.0,2297.0,176.0,28.0]","[213.0,123.0,78.0,1.0,0.0]","[1320344103,253109738,265154832,5980681,3956000]","[311944005,53914294,59108296,1402680,3956000]","[""Dược Mỹ Phẩm"",""Thuốc"",""Mỹ Phẩm"",""Skincare"",""VẬT TƯ""]","[9852.0,2297.0,3352.0,176.0,28.0]","[213.0,78.0,123.0,1.0,0.0]","[1320344103,265154832,253109738,5980681,3956000]","[311944005,59108296,53914294,1402680,3956000]","[""Dược Mỹ Phẩm"",""Thuốc"",""Mỹ Phẩm"",""VẬT TƯ"",""Skincare""]","[9852.0,2297.0,3352.0,28.0,176.0]","[213.0,78.0,123.0,0.0,1.0]","[1320344103,265154832,253109738,3956000,5980681]","[311944005,59108296,53914294,3956000,1402680]","[""VẬT TƯ"",""Skincare"",""Thuốc"",""Mỹ Phẩm"",""Dược Mỹ Phẩm""]","[28.0,176.0,2297.0,3352.0,9852.0]","[0.0,1.0,78.0,123.0,213.0]","[3956000,5980681,265154832,253109738,1320344103]","[3956000,1402680,59108296,53914294,311944005]","[""VẬT TƯ"",""Skincare"",""Mỹ Phẩm"",""Thuốc"",""Dược Mỹ Phẩm""]","[28.0,176.0,3352.0,2297.0,9852.0]","[0.0,1.0,123.0,78.0,213.0]","[3956000,5980681,253109738,265154832,1320344103]","[3956000,1402680,53914294,59108296,311944005]","[""Skincare"",""VẬT TƯ"",""Mỹ Phẩm"",""Thuốc"",""Dược Mỹ Phẩm""]","[176.0,28.0,3352.0,2297.0,9852.0]","[1.0,0.0,123.0,78.0,213.0]","[5980681,3956000,253109738,265154832,1320344103]","[1402680,3956000,53914294,59108296,311944005]","[""TRẮNG ADVANCED NOURISH - Sữa rửa mặt HADA LABO dưỡng ẩm 80G"",""XANH ANCE CARE DA MỤN - Sữa rửa mặt HADA LABO 80G"",""Derma forte ADCANCED"",""Megaduo Gel - Bản Thường 15g"",""XANH TRẮNG DA PERFECT WHITE - Sữa rửa mặt HADA LABO Tranexemic Acid Cleanser 80G"",""Bông tẩy trang LIKADO 222 miếng"",""Derma forte (bản thường)"",""Nước tẩy trang JMSolution Water Luminous SOS Ringer Cleansing Water Black 850ml"",""Megaduo - BẢN PLUS 15g"",""Drceutics Nước Tẩy Trang Ultra-mild OLIVE Cleansing Water 500ml""]","[1413.0,647.0,628.0,563.0,560.0,508.0,479.0,437.0,416.0,408.0]","[48.0,21.0,27.0,18.0,29.0,1.0,15.0,5.0,11.0,14.0]","[94245360,52118682,68027577,68347365,44161978,16073026,48348481,68576814,57066688,60550197]","[15935309,11013643,16779104,11253164,11239977,5669385,10864704,19328813,11706687,15673596]","[""TRẮNG ADVANCED NOURISH - Sữa rửa mặt HADA LABO dưỡng ẩm 80G"",""Nước tẩy trang JMSolution Water Luminous SOS Ringer Cleansing Water Black 850ml"",""Megaduo Gel - Bản Thường 15g"",""Derma forte ADCANCED"",""Drceutics Nước Tẩy Trang Ultra-mild OLIVE Cleansing Water 500ml"",""Megaduo - BẢN PLUS 15g"",""XANH ANCE CARE DA MỤN - Sữa rửa mặt HADA LABO 80G"",""Derma forte (bản thường)"",""Nước tẩy trang JMSOLUTION DERMA CARE CENTELLA CLEANSING WATER Clear 500ml"",""XANH TRẮNG DA PERFECT WHITE - Sữa rửa mặt HADA LABO Tranexemic Acid Cleanser 80G""]","[94245360,68576814,68347365,68027577,60550197,57066688,52118682,48348481,44341299,44161978]","[48.0,5.0,18.0,27.0,14.0,11.0,21.0,15.0,5.0,29.0]","[94245360,68576814,68347365,68027577,60550197,57066688,52118682,48348481,44341299,44161978]","[15935309,19328813,11253164,16779104,15673596,11706687,11013643,10864704,9790298,11239977]","[""Nước tẩy trang JMSolution Water Luminous SOS Ringer Cleansing Water Black 850ml"",""Derma forte ADCANCED"",""TRẮNG ADVANCED NOURISH - Sữa rửa mặt HADA LABO dưỡng ẩm 80G"",""Drceutics Nước Tẩy Trang Ultra-mild OLIVE Cleansing Water 500ml"",""Megaduo - BẢN PLUS 15g"",""Megaduo Gel - Bản Thường 15g"",""XANH TRẮNG DA PERFECT WHITE - Sữa rửa mặt HADA LABO Tranexemic Acid Cleanser 80G"",""XANH ANCE CARE DA MỤN - Sữa rửa mặt HADA LABO 80G"",""Derma forte (bản thường)"",""Nước tẩy trang JMSOLUTION DERMA CARE CENTELLA CLEANSING WATER Clear 500ml""]","[437.0,628.0,1413.0,408.0,416.0,563.0,560.0,647.0,479.0,354.0]","[5.0,27.0,48.0,14.0,11.0,18.0,29.0,21.0,15.0,5.0]","[68576814,68027577,94245360,60550197,57066688,68347365,44161978,52118682,48348481,44341299]","[19328813,16779104,15935309,15673596,11706687,11253164,11239977,11013643,10864704,9790298]","[""CHAI TÍM HA 95ML - Nước tẩy trang L'Oreal - CĂNG MỊN DA - REVITALIFT HA"",""Serum DA MẶT siêu cấp ẩm & giảm nếp nhăn Revitalift Pure Hyaluronic Acid 1.5% 30ml"",""Nước Cân Bằng BHA Tẩy Tế Bào Chết, Làm Sạch Sâu Da oh!oh! BHA toner : b (75ml)"",""Gel rửa mặt cho da dầu, mụn URIAGE HYSÉAC GEL NETTOYANT 150ml"",""Dầu gội TSUBAKI - ĐEN 490ml 321049-70640"",""Sữa Dưỡng Ẩm CeraVe Moisturising Lotion 473ML"",""(SIZE NHỎ) Tinh chất dưỡng sáng da mờ thâm oh!oh! Skin Health Serum 20% Niacinamide & 2% Acetyl Glucosamin 10ml"",""QUÀ TẶNG - Túi quà tăng oxy"",""OIL CONTROL FLUID - Sữa chống nắng La Roche-Posay Anthelios UVMUNE400 (vạch xanh)"",""Kem chống nắng Eucerin Oil control SPF 50+ cho da mụn""]","[1.0,1.0,1.0,1.0,1.0,1.0,1.0,1.0,1.0,1.0]","[0.0,0.0,0.0,0.0,0.0,0.0,0.0,0.0,0.0,1.0]","[60000,407000,487000,335000,177000,467000,323000,0,437000,0]","[58999,75999,128199,58499,33500,126226,88999,-1001,118194,-1]",,,,,,,,,,,154269.26370503,12116,98.2,"[0,1,2]","[4750,7356,10]","[39.2,60.71,0.08]","[837442710.00000000,1062074734.00000000,1633000.00000000]","[44.05,55.86,0.09]","[""Dr Thêm Official Store"",""Dr Thêm"",""Mila Cosmetics Store"",""Kênh trực tiếp""]","[6000,1109,243,7]","[4448,117,161,25]","[6,2,1,1]","[""undefined""]",[1901150444],[154276],"[""undefined""]",[415.0],[52605090],[2.64],"[""undefined""]",[1848545354],[150007],"[""undefined""]",[430325278],[34920],[429.57],"[""undefined""]",[12323],"[1,2,3,4,5]","[29120,48926,103813,161033,259572]","[4.83,8.12,17.23,26.73,43.09]","[25486283703,19401452636,28119368773,31538352844,27331466632]","[475162404,518134077,654283806,688024059,586379586]","[5525812505,4160196904,6113792837,7099525559,5936608180]","[0,2]","[12083,23]","[99.81,0.19]",[0],[12106],[100.0]
2025-04-21,541173,32600,2025-04-14,2025-04-21,7 ngày gần nhất,7,7,261856,1809928836.0,86.213,13487,2137364236.0,37996200.0,2099368036.0,1628429574.015549,470938461.9844504,1926.7142857142856,305337748.0,5428028.571429,299909719.428571,232632796.28793555,67276923.14063576,"[""Dược Mỹ Phẩm"",""Mỹ Phẩm"",""Thuốc"",""Skincare"",""VẬT TƯ""]","[1595390291,293880149,241475543,6398253,220000]","[153935,85059,127967,45701,36666]","[""Dược Mỹ Phẩm"",""Thuốc"",""Mỹ Phẩm"",""Skincare""]","[159.0,72.0,93.0,2.0]","[22210200,8549000,7167000,70000]","[1.42,3.55,2.48,1.06]","[""Dược Mỹ Phẩm"",""Mỹ Phẩm"",""Thuốc"",""Skincare"",""VẬT TƯ""]","[1573180091,286713149,232926543,6328253,220000]","[151792,82984,123437,45201,36666]","[""Dược Mỹ Phẩm"",""Mỹ Phẩm"",""Thuốc"",""Skincare"",""VẬT TƯ""]","[355696744,61775155,51751307,1495252,220000]","[34320,17879,27425,10680,36666]","[22.61,21.55,22.22,23.63,100.0]","[""Dược Mỹ Phẩm"",""Mỹ Phẩm"",""Thuốc"",""Skincare"",""VẬT TƯ""]","[10364,3455,1887,140,6]","[""TRẮNG ADVANCED NOURISH - Sữa rửa mặt HADA LABO dưỡng ẩm 80G"",""Nước tẩy trang JMSolution Water Luminous SOS Ringer Cleansing Water Black 850ml"",""Drceutics Nước Tẩy Trang Ultra-mild OLIVE Cleansing Water 500ml"",""Sữa rửa mặt Farmona Dermacos"",""Derma forte ADCANCED"",""Megaduo Gel - Bản Thường 15g"",""XANH TRẮNG DA PERFECT WHITE - Sữa rửa mặt HADA LABO Tranexemic Acid Cleanser 80G"",""XANH ANCE CARE DA MỤN - Sữa rửa mặt HADA LABO 80G"",""55g - Kem chống nắng Sunplay Skin Aqua Clear White"",""Nhũ tương mượt da toàn thân Ziaja""]","[110462572,89516201,74291486,63860418,63392967,62829720,58792414,54687202,53359552,50800030]","[76181,172146,157731,320906,124056,131442,88409,90392,174377,390769]","[""TRẮNG ADVANCED NOURISH - Sữa rửa mặt HADA LABO dưỡng ẩm 80G"",""Derma forte ADCANCED"",""XANH TRẮNG DA PERFECT WHITE - Sữa rửa mặt HADA LABO Tranexemic Acid Cleanser 80G"",""Megaduo - BẢN PLUS 15g"",""Megaduo Gel - Bản Thường 15g"",""XANH ANCE CARE DA MỤN - Sữa rửa mặt HADA LABO 80G"",""Derma forte (bản thường)"",""Radical Tinh chất ngừa rụng tóc nữ"",""ĐỎ PRO ANTI AGING - Sữa rửa mặt HADA LABO 80G"",""Nước tẩy trang JMSolution Water Luminous SOS Ringer Cleansing Water Black 500ml""]","[41.0,25.0,23.0,13.0,14.0,14.0,11.0,3.0,12.0,8.0]","[2833000,2829000,1914000,1833000,1750000,1165000,1146000,1106000,996000,984000]","[2.56,4.46,3.25,3.71,2.79,2.13,2.55,20.0,2.61,2.48]","[""TRẮNG ADVANCED NOURISH - Sữa rửa mặt HADA LABO dưỡng ẩm 80G"",""Nước tẩy trang JMSolution Water Luminous SOS Ringer Cleansing Water Black 850ml"",""Drceutics Nước Tẩy Trang Ultra-mild OLIVE Cleansing Water 500ml"",""Sữa rửa mặt Farmona Dermacos"",""Megaduo Gel - Bản Thường 15g"",""Derma forte ADCANCED"",""XANH TRẮNG DA PERFECT WHITE - Sữa rửa mặt HADA LABO Tranexemic Acid Cleanser 80G"",""XANH ANCE CARE DA MỤN - Sữa rửa mặt HADA LABO 80G"",""55g - Kem chống nắng Sunplay Skin Aqua Clear White"",""Nhũ tương mượt da toàn thân Ziaja""]","[107629572,88880201,73381691,63546418,61079720,60563967,56878414,53522202,53027552,50416030]","[74227,170923,155799,319328,127781,118520,85531,88466,173292,387815]","[""Nước tẩy trang JMSolution Water Luminous SOS Ringer Cleansing Water Black 850ml"",""Drceutics Nước Tẩy Trang Ultra-mild OLIVE Cleansing Water 500ml"",""TRẮNG ADVANCED NOURISH - Sữa rửa mặt HADA LABO dưỡng ẩm 80G"",""Derma forte ADCANCED"",""XANH TRẮNG DA PERFECT WHITE - Sữa rửa mặt HADA LABO Tranexemic Acid Cleanser 80G"",""55g - Kem chống nắng Sunplay Skin Aqua Clear White"",""XANH ANCE CARE DA MỤN - Sữa rửa mặt HADA LABO 80G"",""Nước tẩy trang JMSOLUTION DERMA CARE CENTELLA CLEANSING WATER Clear 500ml"",""Megaduo Gel - Bản Thường 15g"",""Derma forte (bản thường)""]","[25040200,18937490,18189741,14943446,14470413,12323551,11235229,10672861,10061599,9834275]","[48154,40206,12544,29243,21760,40273,18570,28160,21049,24524]","[28.17,25.81,16.9,24.67,25.44,23.24,20.99,22.1,16.47,22.43]","[""TRẮNG ADVANCED NOURISH - Sữa rửa mặt HADA LABO dưỡng ẩm 80G"",""XANH TRẮNG DA PERFECT WHITE - Sữa rửa mặt HADA LABO Tranexemic Acid Cleanser 80G"",""XANH ANCE CARE DA MỤN - Sữa rửa mặt HADA LABO 80G"",""Nước tẩy trang JMSolution Water Luminous SOS Ringer Cleansing Water Black 850ml"",""Derma forte ADCANCED"",""Megaduo Gel - Bản Thường 15g"",""Drceutics Nước Tẩy Trang Ultra-mild OLIVE Cleansing Water 500ml"",""ĐỎ PRO ANTI AGING - Sữa rửa mặt HADA LABO 80G"",""Bông tẩy trang LIKADO 222 miếng"",""Derma forte (bản thường)""]","[1450,665,605,520,511,478,471,422,407,401]","[""Dr Thêm Official Store"",""Mila Cosmetics Store"",""Dr Thêm"",""SC1""]","[1841543936,171360900,122006400,2453000]","[153513,383357,118108,223000]","[""Dr Thêm Official Store"",""Mila Cosmetics Store"",""Dr Thêm""]","[287.0,12.0,27.0]","[31615100,3656200,2724900]","[1.88,1.71,2.21]","[""Dr Thêm Official Store"",""Mila Cosmetics Store"",""Dr Thêm"",""SC1""]","[1809928836,167704700,119281500,2453000]","[150877,375178,115470,223000]","[""Dr Thêm Official Store"",""Dr Thêm"",""Mila Cosmetics Store""]","[423164042,30591316,17527601]","[35275,29614,39211]","[23,25,10]","[""Dr Thêm Official Store"",""Dr Thêm"",""Mila Cosmetics Store"",""SC1""]","[11996,1033,447,11]",412,16883.0,124348,27894,0,"[""Dược Mỹ Phẩm"",""Mỹ Phẩm"",""Thuốc"",""Skincare"",""VẬT TƯ""]","[11234.0,3753.0,2028.0,188.0,6.0]","[159.0,93.0,72.0,2.0,0.0]","[1573180091,286713149,232926543,6328253,220000]","[355696744,61775155,51751307,1495252,220000]","[""Dược Mỹ Phẩm"",""Mỹ Phẩm"",""Thuốc"",""Skincare"",""VẬT TƯ""]","[11234.0,3753.0,2028.0,188.0,6.0]","[159.0,93.0,72.0,2.0,0.0]","[1573180091,286713149,232926543,6328253,220000]","[355696744,61775155,51751307,1495252,220000]","[""Dược Mỹ Phẩm"",""Mỹ Phẩm"",""Thuốc"",""Skincare"",""VẬT TƯ""]","[11234.0,3753.0,2028.0,188.0,6.0]","[159.0,93.0,72.0,2.0,0.0]","[1573180091,286713149,232926543,6328253,220000]","[355696744,61775155,51751307,1495252,220000]","[""VẬT TƯ"",""Skincare"",""Thuốc"",""Mỹ Phẩm"",""Dược Mỹ Phẩm""]","[6.0,188.0,2028.0,3753.0,11234.0]","[0.0,2.0,72.0,93.0,159.0]","[220000,6328253,232926543,286713149,1573180091]","[220000,1495252,51751307,61775155,355696744]","[""VẬT TƯ"",""Skincare"",""Thuốc"",""Mỹ Phẩm"",""Dược Mỹ Phẩm""]","[6.0,188.0,2028.0,3753.0,11234.0]","[0.0,2.0,72.0,93.0,159.0]","[220000,6328253,232926543,286713149,1573180091]","[220000,1495252,51751307,61775155,355696744]","[""VẬT TƯ"",""Skincare"",""Thuốc"",""Mỹ Phẩm"",""Dược Mỹ Phẩm""]","[6.0,188.0,2028.0,3753.0,11234.0]","[0.0,2.0,72.0,93.0,159.0]","[220000,6328253,232926543,286713149,1573180091]","[220000,1495252,51751307,61775155,355696744]","[""TRẮNG ADVANCED NOURISH - Sữa rửa mặt HADA LABO dưỡng ẩm 80G"",""XANH TRẮNG DA PERFECT WHITE - Sữa rửa mặt HADA LABO Tranexemic Acid Cleanser 80G"",""XANH ANCE CARE DA MỤN - Sữa rửa mặt HADA LABO 80G"",""Nước tẩy trang JMSolution Water Luminous SOS Ringer Cleansing Water Black 850ml"",""Derma forte ADCANCED"",""Bông tẩy trang LIKADO 222 miếng"",""Megaduo Gel - Bản Thường 15g"",""Drceutics Nước Tẩy Trang Ultra-mild OLIVE Cleansing Water 500ml"",""ĐỎ PRO ANTI AGING - Sữa rửa mặt HADA LABO 80G"",""Derma forte (bản thường)""]","[1600.0,707.0,658.0,564.0,560.0,549.0,501.0,484.0,459.0,432.0]","[41.0,23.0,14.0,4.0,25.0,3.0,14.0,6.0,12.0,11.0]","[107629572,56878414,53522202,88880201,60563967,17391840,61079720,73381691,37181940,43844340]","[18189741,14470413,11235229,25040200,14943446,6187919,10061599,18937490,9020939,9834275]","[""TRẮNG ADVANCED NOURISH - Sữa rửa mặt HADA LABO dưỡng ẩm 80G"",""Nước tẩy trang JMSolution Water Luminous SOS Ringer Cleansing Water Black 850ml"",""Drceutics Nước Tẩy Trang Ultra-mild OLIVE Cleansing Water 500ml"",""Sữa rửa mặt Farmona Dermacos"",""Megaduo Gel - Bản Thường 15g"",""Derma forte ADCANCED"",""XANH TRẮNG DA PERFECT WHITE - Sữa rửa mặt HADA LABO Tranexemic Acid Cleanser 80G"",""XANH ANCE CARE DA MỤN - Sữa rửa mặt HADA LABO 80G"",""55g - Kem chống nắng Sunplay Skin Aqua Clear White"",""Nhũ tương mượt da toàn thân Ziaja""]","[107629572,88880201,73381691,63546418,61079720,60563967,56878414,53522202,53027552,50416030]","[41.0,4.0,6.0,1.0,14.0,25.0,23.0,14.0,2.0,1.0]","[107629572,88880201,73381691,63546418,61079720,60563967,56878414,53522202,53027552,50416030]","[18189741,25040200,18937490,3568017,10061599,14943446,14470413,11235229,12323551,2836029]","[""Nước tẩy trang JMSolution Water Luminous SOS Ringer Cleansing Water Black 850ml"",""Drceutics Nước Tẩy Trang Ultra-mild OLIVE Cleansing Water 500ml"",""TRẮNG ADVANCED NOURISH - Sữa rửa mặt HADA LABO dưỡng ẩm 80G"",""Derma forte ADCANCED"",""XANH TRẮNG DA PERFECT WHITE - Sữa rửa mặt HADA LABO Tranexemic Acid Cleanser 80G"",""55g - Kem chống nắng Sunplay Skin Aqua Clear White"",""XANH ANCE CARE DA MỤN - Sữa rửa mặt HADA LABO 80G"",""Nước tẩy trang JMSOLUTION DERMA CARE CENTELLA CLEANSING WATER Clear 500ml"",""Megaduo Gel - Bản Thường 15g"",""Derma forte (bản thường)""]","[564.0,484.0,1600.0,560.0,707.0,320.0,658.0,386.0,501.0,432.0]","[4.0,6.0,41.0,25.0,23.0,2.0,14.0,6.0,14.0,11.0]","[88880201,73381691,107629572,60563967,56878414,53027552,53522202,48292862,61079720,43844340]","[25040200,18937490,18189741,14943446,14470413,12323551,11235229,10672861,10061599,9834275]","[""Xịt Khoáng Cấp Ẩm, Làm Dịu Da, Giảm Kích Ứng Avene Thermal Spring Water 50ml"",""320979-70558-Mặt Nạ Tóc Cao Cấp Phục Hồi Hư Tổn 180G(Tsubaki PREMIUM EX REPAIR MASK 180G)"",""Dầu Gội Khô Batiste Dry Shampoo - CHERRY- Hương Anh Đào 200ml"",""Kem chống nắng Skin1004 Madagascar Centella Air-Fit Suncream Plus 20ml"",""Xịt Dưỡng Dịu Da Tăng Cường Hiệu Quả Bởi B5 Ziaja Med Kuracja Naczynkowa Tonik 200ml"",""Drceutics sTANDARD TONER 200ML"",""Xịt khoáng Eeucerin HYALURON 150ml"",""Serum dưỡng trắng Hada Labo Perfect White Tranexamic Acid Serum 30ml"",""CHAI HỒNG - Sữa rửa mặt cho da nhạy cảm Bioderma Sensibio Gel Moussant 200ml"",""DrCeutics Serum Vitamin C 16% Và Tranexamic Acid 3%""]","[1.0,1.0,1.0,1.0,1.0,1.0,1.0,1.0,1.0,1.0]","[1.0,0.0,0.0,1.0,0.0,0.0,0.0,0.0,0.0,0.0]","[-2000,201000,141000,0,396000,200000,246105,325815,401000,308000]","[-2001,30990,72999,0,44799,52599,55104,81374,91599,80199]",,,,,,,,,,,158475.88314673,13239,98.55,"[0,1]","[5607,7632]","[42.35,57.65]","[1025969640.00000000,1111394596.00000000]","[48.00,52.00]","[""Dr Thêm Official Store"",""Dr Thêm"",""Mila Cosmetics Store"",""Kênh trực tiếp""]","[6494,910,226,5]","[5295,112,202,3]","[0,0,0,0]","[""undefined""]",[2137364236],[158475],"[""undefined""]",[326.0],[37996200],[1.89],"[""undefined""]",[2099368036],[155658],"[""undefined""]",[470938461],[34917],[445.78],"[""undefined""]",[13487],"[1,2,3,4,5]","[29145,48962,108224,163885,259572]","[4.78,8.03,17.75,26.88,42.57]","[26102306653,19606354576,29003016029,31742443644,27331466632]","[479573204,521630077,665646856,690993059,586379586]","[5652915643,4209279568,6309222546,7149865589,5936608180]","[0,2]","[13232,7]","[99.95,0.05]",[0],[13239],[100.0]
2025-04-21,541173,32600,2025-04-01,2025-04-21,tháng này,20,20,261856,4898699592.0,84.9332,36909,5885815322.0,118106360.0,5767708962.0,4460957254.042219,1306751707.957782,1845.45,294290766.1,5905318.0,288385448.1,223047862.70211092,65337585.3978891,"[""Dược Mỹ Phẩm"",""Mỹ Phẩm"",""Thuốc"",""Skincare"",""VẬT TƯ""]","[4328071849,778371311,757694759,17501403,4176000]","[155697,85979,128270,44990,122823]","[""Dược Mỹ Phẩm"",""Thuốc"",""Mỹ Phẩm"",""Skincare""]","[507.0,180.0,270.0,5.0]","[75403835,21392000,21149953,160572]","[1.69,2.82,2.72,0.96]","[""Dược Mỹ Phẩm"",""Mỹ Phẩm"",""Thuốc"",""Skincare"",""VẬT TƯ""]","[4252668014,757221358,736302759,17340831,4176000]","[152984,83643,124649,44577,122823]","[""Dược Mỹ Phẩm"",""Thuốc"",""Mỹ Phẩm"",""VẬT TƯ"",""Skincare""]","[972790259,163681192,162281423,4176000,3822830]","[34994,27709,17925,122823,9827]","[22.87,22.23,21.43,100.0,22.05]","[""Dược Mỹ Phẩm"",""Mỹ Phẩm"",""Thuốc"",""Skincare"",""VẬT TƯ""]","[27798,9053,5907,389,34]","[""TRẮNG ADVANCED NOURISH - Sữa rửa mặt HADA LABO dưỡng ẩm 80G"",""Nước tẩy trang JMSolution Water Luminous SOS Ringer Cleansing Water Black 850ml"",""Derma forte ADCANCED"",""Drceutics Nước Tẩy Trang Ultra-mild OLIVE Cleansing Water 500ml"",""Megaduo Gel - Bản Thường 15g"",""Sữa rửa mặt Farmona Dermacos"",""Megaduo - BẢN PLUS 15g"",""Nhũ tương mượt da toàn thân Ziaja"",""Derma forte (bản thường)"",""XANH ANCE CARE DA MỤN - Sữa rửa mặt HADA LABO 80G""]","[294535104,240677723,200409629,194127605,189007405,161356277,157145938,153386545,144683438,143961890]","[77734,166674,121829,157699,134238,320787,148111,392292,112331,89976]","[""TRẮNG ADVANCED NOURISH - Sữa rửa mặt HADA LABO dưỡng ẩm 80G"",""Derma forte ADCANCED"",""XANH TRẮNG DA PERFECT WHITE - Sữa rửa mặt HADA LABO Tranexemic Acid Cleanser 80G"",""Drceutics Nước Tẩy Trang Ultra-mild OLIVE Cleansing Water 500ml"",""Megaduo Gel - Bản Thường 15g"",""XANH ANCE CARE DA MỤN - Sữa rửa mặt HADA LABO 80G"",""Megaduo - BẢN PLUS 15g"",""Derma forte (bản thường)"",""ĐỎ PRO ANTI AGING - Sữa rửa mặt HADA LABO 80G"",""Nước tẩy trang JMSolution Water Luminous SOS Ringer Cleansing Water Black 500ml""]","[105.0,61.0,59.0,32.0,38.0,51.0,30.0,35.0,39.0,23.0]","[7259000,6899000,4921000,4887675,4803000,4261453,4246000,3620000,3251000,2881000]","[2.46,3.42,3.5,2.53,2.52,2.95,2.69,2.52,3.15,2.56]","[""TRẮNG ADVANCED NOURISH - Sữa rửa mặt HADA LABO dưỡng ẩm 80G"",""Nước tẩy trang JMSolution Water Luminous SOS Ringer Cleansing Water Black 850ml"",""Derma forte ADCANCED"",""Drceutics Nước Tẩy Trang Ultra-mild OLIVE Cleansing Water 500ml"",""Megaduo Gel - Bản Thường 15g"",""Sữa rửa mặt Farmona Dermacos"",""Megaduo - BẢN PLUS 15g"",""Nhũ tương mượt da toàn thân Ziaja"",""Derma forte (bản thường)"",""XANH ANCE CARE DA MỤN - Sữa rửa mặt HADA LABO 80G""]","[287276104,239405723,193510629,189239930,184204405,160100277,152899938,151809545,141063438,139700437]","[75818,165793,117635,153728,130826,318290,144109,388259,109521,87312]","[""Nước tẩy trang JMSolution Water Luminous SOS Ringer Cleansing Water Black 850ml"",""Drceutics Nước Tẩy Trang Ultra-mild OLIVE Cleansing Water 500ml"",""TRẮNG ADVANCED NOURISH - Sữa rửa mặt HADA LABO dưỡng ẩm 80G"",""Derma forte ADCANCED"",""XANH TRẮNG DA PERFECT WHITE - Sữa rửa mặt HADA LABO Tranexemic Acid Cleanser 80G"",""Derma forte (bản thường)"",""Megaduo - BẢN PLUS 15g"",""Megaduo Gel - Bản Thường 15g"",""XANH ANCE CARE DA MỤN - Sữa rửa mặt HADA LABO 80G"",""Nước tẩy trang JMSOLUTION DERMA CARE CENTELLA CLEANSING WATER Clear 500ml""]","[67427722,48801229,48674273,46757516,34628651,31681901,31379937,30521484,29649248,29048591]","[46695,39643,12846,28424,21930,24597,29575,21677,18530,28284]","[28.16,25.79,16.94,24.16,25.57,22.46,20.52,16.57,21.22,22.07]","[""TRẮNG ADVANCED NOURISH - Sữa rửa mặt HADA LABO dưỡng ẩm 80G"",""Derma forte ADCANCED"",""XANH ANCE CARE DA MỤN - Sữa rửa mặt HADA LABO 80G"",""XANH TRẮNG DA PERFECT WHITE - Sữa rửa mặt HADA LABO Tranexemic Acid Cleanser 80G"",""Nước tẩy trang JMSolution Water Luminous SOS Ringer Cleansing Water Black 850ml"",""Megaduo Gel - Bản Thường 15g"",""Derma forte (bản thường)"",""Drceutics Nước Tẩy Trang Ultra-mild OLIVE Cleansing Water 500ml"",""ĐỎ PRO ANTI AGING - Sữa rửa mặt HADA LABO 80G"",""Bông tẩy trang LIKADO 222 miếng""]","[3789,1645,1600,1579,1444,1408,1288,1231,1133,1068]","[""Dr Thêm Official Store"",""Mila Cosmetics Store"",""Dr Thêm"",""SC1""]","[5001182852,502983770,373105700,8543000]","[154200,371205,121770,149877]","[""Dr Thêm Official Store"",""Dr Thêm"",""Mila Cosmetics Store""]","[871.0,68.0,23.0]","[102483260,8294900,7328200]","[2.12,1.87,1.09]","[""Dr Thêm Official Store"",""Mila Cosmetics Store"",""Dr Thêm"",""SC1""]","[4898699592,495655570,364810800,8543000]","[151040,365797,119063,149877]","[""Dr Thêm Official Store"",""Dr Thêm"",""Mila Cosmetics Store""]","[1160312970,93516350,53882319]","[35775,30521,39765]","[23,25,10]","[""Dr Thêm Official Store"",""Dr Thêm"",""Mila Cosmetics Store"",""SC1""]","[32433,3064,1355,57]",472,45970.0,125466,28426,0,"[""Dược Mỹ Phẩm"",""Mỹ Phẩm"",""Thuốc"",""Skincare"",""VẬT TƯ""]","[30080.0,9921.0,6375.0,522.0,34.0]","[507.0,270.0,180.0,5.0,0.0]","[4252668014,757221358,736302759,17340831,4176000]","[972790259,162281423,163681192,3822830,4176000]","[""Dược Mỹ Phẩm"",""Mỹ Phẩm"",""Thuốc"",""Skincare"",""VẬT TƯ""]","[30080.0,9921.0,6375.0,522.0,34.0]","[507.0,270.0,180.0,5.0,0.0]","[4252668014,757221358,736302759,17340831,4176000]","[972790259,162281423,163681192,3822830,4176000]","[""Dược Mỹ Phẩm"",""Thuốc"",""Mỹ Phẩm"",""VẬT TƯ"",""Skincare""]","[30080.0,6375.0,9921.0,34.0,522.0]","[507.0,180.0,270.0,0.0,5.0]","[4252668014,736302759,757221358,4176000,17340831]","[972790259,163681192,162281423,4176000,3822830]","[""VẬT TƯ"",""Skincare"",""Thuốc"",""Mỹ Phẩm"",""Dược Mỹ Phẩm""]","[34.0,522.0,6375.0,9921.0,30080.0]","[0.0,5.0,180.0,270.0,507.0]","[4176000,17340831,736302759,757221358,4252668014]","[4176000,3822830,163681192,162281423,972790259]","[""VẬT TƯ"",""Skincare"",""Thuốc"",""Mỹ Phẩm"",""Dược Mỹ Phẩm""]","[34.0,522.0,6375.0,9921.0,30080.0]","[0.0,5.0,180.0,270.0,507.0]","[4176000,17340831,736302759,757221358,4252668014]","[4176000,3822830,163681192,162281423,972790259]","[""Skincare"",""VẬT TƯ"",""Mỹ Phẩm"",""Thuốc"",""Dược Mỹ Phẩm""]","[522.0,34.0,9921.0,6375.0,30080.0]","[5.0,0.0,270.0,180.0,507.0]","[17340831,4176000,757221358,736302759,4252668014]","[3822830,4176000,162281423,163681192,972790259]","[""TRẮNG ADVANCED NOURISH - Sữa rửa mặt HADA LABO dưỡng ẩm 80G"",""Derma forte ADCANCED"",""XANH ANCE CARE DA MỤN - Sữa rửa mặt HADA LABO 80G"",""XANH TRẮNG DA PERFECT WHITE - Sữa rửa mặt HADA LABO Tranexemic Acid Cleanser 80G"",""Nước tẩy trang JMSolution Water Luminous SOS Ringer Cleansing Water Black 850ml"",""Megaduo Gel - Bản Thường 15g"",""Bông tẩy trang LIKADO 222 miếng"",""Derma forte (bản thường)"",""Drceutics Nước Tẩy Trang Ultra-mild OLIVE Cleansing Water 500ml"",""ĐỎ PRO ANTI AGING - Sữa rửa mặt HADA LABO 80G""]","[4264.0,1782.0,1727.0,1684.0,1516.0,1505.0,1438.0,1389.0,1265.0,1240.0]","[105.0,61.0,51.0,59.0,8.0,38.0,16.0,35.0,32.0,39.0]","[287276104,193510629,139700437,135420322,239405723,184204405,45118284,141063438,189239930,100019907]","[48674273,46757516,29649248,34628651,67427722,30521484,15938843,31681901,48801229,24356906]","[""TRẮNG ADVANCED NOURISH - Sữa rửa mặt HADA LABO dưỡng ẩm 80G"",""Nước tẩy trang JMSolution Water Luminous SOS Ringer Cleansing Water Black 850ml"",""Derma forte ADCANCED"",""Drceutics Nước Tẩy Trang Ultra-mild OLIVE Cleansing Water 500ml"",""Megaduo Gel - Bản Thường 15g"",""Sữa rửa mặt Farmona Dermacos"",""Megaduo - BẢN PLUS 15g"",""Nhũ tương mượt da toàn thân Ziaja"",""Derma forte (bản thường)"",""XANH ANCE CARE DA MỤN - Sữa rửa mặt HADA LABO 80G""]","[287276104,239405723,193510629,189239930,184204405,160100277,152899938,151809545,141063438,139700437]","[105.0,8.0,61.0,32.0,38.0,4.0,30.0,4.0,35.0,51.0]","[287276104,239405723,193510629,189239930,184204405,160100277,152899938,151809545,141063438,139700437]","[48674273,67427722,46757516,48801229,30521484,8214676,31379937,7971544,31681901,29649248]","[""Nước tẩy trang JMSolution Water Luminous SOS Ringer Cleansing Water Black 850ml"",""Drceutics Nước Tẩy Trang Ultra-mild OLIVE Cleansing Water 500ml"",""TRẮNG ADVANCED NOURISH - Sữa rửa mặt HADA LABO dưỡng ẩm 80G"",""Derma forte ADCANCED"",""XANH TRẮNG DA PERFECT WHITE - Sữa rửa mặt HADA LABO Tranexemic Acid Cleanser 80G"",""Derma forte (bản thường)"",""Megaduo - BẢN PLUS 15g"",""Megaduo Gel - Bản Thường 15g"",""XANH ANCE CARE DA MỤN - Sữa rửa mặt HADA LABO 80G"",""Nước tẩy trang JMSOLUTION DERMA CARE CENTELLA CLEANSING WATER Clear 500ml""]","[1516.0,1265.0,4264.0,1782.0,1684.0,1389.0,1115.0,1505.0,1727.0,1044.0]","[8.0,32.0,105.0,61.0,59.0,35.0,30.0,38.0,51.0,8.0]","[239405723,189239930,287276104,193510629,135420322,141063438,152899938,184204405,139700437,131612592]","[67427722,48801229,48674273,46757516,34628651,31681901,31379937,30521484,29649248,29048591]","[""Gel tẩy da chết bioderma sebium gel gommant 100ml"",""Quà Tặng - Kem chống nắng Farmona sun Oil Free 50ml DATE 4/2025"",""Kem chống nắng L’Oreal Paris UV Defender - Matte Fresh 50ml - 4705"",""TSUBAKI Combo (GỘI+XẢ) - ĐEN 2x490ml"",""QUÀ TẶNG - Túi quà tăng cetaphil"",""Kem Chống Nắng Chuyên Biệt Dành Cho Da Mỏng Manh Nhạy Cảm A-DERMA PROTECT INVISIBLE FLUID SPF50+ 40ML"",""NẮP TRẮNG - Kem Dưỡng Skin1004 Madagascar Soothing Centella Cream 75ml"",""Serum DA MẶT siêu cấp ẩm & giảm nếp nhăn Revitalift Pure Hyaluronic Acid 1.5% 30ml"",""Nước tẩy trang dịu nhẹ TOPICREM HYDRA+ GENTLE MICELLAR WATER 200ml"",""Xịt khoáng Eeucerin HYALURON 150ml""]","[1.0,1.0,1.0,1.0,1.0,1.0,1.0,1.0,1.0,1.0]","[0.0,0.0,0.0,0.0,0.0,0.0,0.0,0.0,1.0,0.0]","[367000,441335,311000,259000,0,437000,305000,407000,13000,246105]","[64399,440334,69576,-27999,-1001,117724,83999,75999,12999,55104]",,,,,,,,,,,159467.25716144,35805,99.24,"[0,1,2]","[14829,20966,10]","[41.42,58.56,0.03]","[2755739692.00000000,3128442630.00000000,1633000.00000000]","[46.82,53.15,0.03]","[""Dr Thêm Official Store"",""Dr Thêm"",""Mila Cosmetics Store"",""Kênh trực tiếp""]","[17526,2739,701,12]","[13947,292,575,28]","[6,2,1,1]","[""undefined""]",[5885815322],[159468],"[""undefined""]",[962.0],[118106360],[2.05],"[""undefined""]",[5767708962],[156268],"[""undefined""]",[1306751707],[35404],[441.38],"[""undefined""]",[36909],"[1,2,3,4,5]","[29145,48962,108224,163885,259572]","[4.78,8.03,17.75,26.88,42.57]","[26102306653,19606354576,29003016029,31742443644,27331466632]","[479573204,521630077,665646856,690993059,586379586]","[5652915643,4209279568,6309222546,7149865589,5936608180]","[0,2]","[35765,30]","[99.92,0.08]",[0],[35795],[100.0]
