run_date,server_key,retailer_id,branch_id,timeframe_start,timeframe_end,num_types,total_quantity,avg_net_revenue,avg_profit,new_product_revenue,top_product_quantity,top_sale_by_quantity,top_return_by_quantity,top_rev_by_quantity,top_profit_by_quantity,top_product_rev,top_sale_by_rev,top_return_by_rev,top_rev_by_rev,top_profit_by_rev,top_product_profit,top_sale_by_profit,top_return_by_profit,top_rev_by_profit,top_profit_by_profit,last_product_quantity,last_sale_by_quantity,last_return_by_quantity,last_rev_by_quantity,last_profit_by_quantity,last_product_rev,last_sale_by_rev,last_return_by_rev,last_rev_by_rev,last_profit_by_rev,last_product_profit,last_sale_by_profit,last_return_by_profit,last_rev_by_profit,last_profit_by_profit,top_group_quantity,group_sale_by_quantity,group_return_by_quantity,group_rev_by_quantity,group_profit_by_quantity,top_group_rev,group_sale_by_rev,group_return_by_rev,group_rev_by_rev,group_profit_by_rev,top_group_profit,group_sale_by_profit,group_return_by_profit,group_rev_by_profit,group_profit_by_profit,last_group_quantity,last_group_sale_quantity,last_group_return_quantity,last_group_rev_quantity,last_group_profit_quantity,last_group_rev,last_group_sale_rev,last_group_return_rev,last_group_rev_rev,last_group_profit_rev,last_group_profit,last_group_sale_profit,last_group_return_profit,last_group_rev_profit,last_group_profit_profit,timeframe_type
2025-04-10,144,500577674,276709,2025-03-11,2025-04-10,514,52957.3,150629.53,43684.35,811646400.0,"[""Bạt xanh gân sần CL - 150.36 (Mét)"",""Dây thép - 4ly+ (Kg)"",""Dây thép - 3ly+ (Kg)"",""Cánh crom 200 - 460B (Kg)"",""BL 10*50+LĐVE+Ê (Bộ)"",""BL 12*50+LĐVE+Ê (Bộ)"",""BL 10*30+LĐVE+Ê (Bộ)"",""Bích hoa crom - 200-460 - 200 (kg)"",""Sên crom 200 - 460 (Kg)"",""Long đen vuông - 12 (Chiếc)""]","[6850.0,6655.0,2651.7,1641.5,1550.0,1543.0,1473.0,1383.0,1258.0,1216.0]","[0.0,0.0,0.0,0.0,0.0,0.0,0.0,0.0,0.0,0.0]","[9.24170926E8,1.331758E8,5.2993815E7,7.539125E7,4650000.0,5400500.0,4344000.0,6.3618E7,5.7868E7,3648000.0]","[1.98070926E8,2.221454674E7,8386425.16,9534198.32,2958888.0,2820758.3,3404771.01,8989500.0,8177000.0,1835393.92]","[""Bạt xanh gân sần CL - 150.36 (Mét)"",""Rồng TH - đỏ - 100 - 6M (Đường)"",""Lãi vay (tháng)"",""Máy Q.Chai nhập khẩu S1110 (Chiếc)"",""JOTAPRIME 500 ALU.REDTONED 20L - Nhũ nhôm đỏ - 20L (Thùng)"",""JOTAPRIME 500 ALUMINIUM 20L - Nhũ nhôm xám - 20L (Thùng)"",""Máy Q.Chai S1115 NK cộc không đề (Chiếc)"",""Sên - Gang - Φ100 (Chiếc)"",""PENGUARD TC STD RED 049 20L - Đỏ tươi 049 - 20L (Thùng)"",""Dây thép - 4ly+ (Kg)""]","[6850.0,452.0,2.0,41.0,136.0,129.0,30.0,232.0,54.0,6655.0]","[0.0,0.0,0.0,0.0,0.0,0.0,0.0,0.0,0.0,0.0]","[9.24170926E8,4.44E8,3.8344E8,3.146E8,2.864E8,2.697E8,2.535E8,1.6287E8,1.5794E8,1.331758E8]","[1.98070926E8,5.98E7,3.8344E8,4.687E7,5.752289316E7,5.298E7,2.535E8,2.6454E7,2.422755793E7,2.221454674E7]","[""Lãi vay (tháng)"",""Máy Q.Chai S1115 NK cộc không đề (Chiếc)"",""Bạt xanh gân sần CL - 150.36 (Mét)"",""JOTAMASTIC 85 ALU.RT 20L - 20L - Nhũ nhôm đỏ (THÙNG)"",""Bầu dầu + Bích ren 200CR TY (Bộ)"",""Rồng TH - đỏ - 100 - 6M (Đường)"",""JOTAPRIME 500 ALU.REDTONED 20L - Nhũ nhôm đỏ - 20L (Thùng)"",""JOTAPRIME 500 ALUMINIUM 20L - Nhũ nhôm xám - 20L (Thùng)"",""JOTAMASTIC 85 ALUMINIUM 20L - 20L - Nhũ nhôm xám (THÙNG)"",""Máy Q.Chai nhập khẩu S1110 (Chiếc)""]","[2.0,30.0,6850.0,30.0,2.0,452.0,136.0,129.0,20.0,41.0]","[0.0,0.0,0.0,0.0,0.0,0.0,0.0,0.0,0.0,0.0]","[3.8344E8,2.535E8,9.24170926E8,7.23E7,6.2E7,4.44E8,2.864E8,2.697E8,4.82E7,3.146E8]","[3.8344E8,2.535E8,1.98070926E8,7.23E7,6.2E7,5.98E7,5.752289316E7,5.298E7,4.82E7,4.687E7]","[""Túp 70*112 (Túp 150-TY) - CD - T (Mét)"",""Túp 65*95 - QP - Đ"",""Túp 80*112 - CD - Đ (Mét)"",""Đẹp Nguyên Bản - A - 1L (Lon)"",""Tough Shield - C - 5L (Lon)"",""Majestic Bóng Sang Trọng - 5L - A (Lon)"",""Jotashield Primer - 17L (Thùng)"",""Tough Shield - AA - 5L (Lon)"",""Jotashield Chống Phai Màu - A - 15L (Thùng)"",""Còi vỉ trắng 24V (Chiếc)""]","[0.1,0.2,0.5,1.0,1.0,1.0,1.0,1.0,1.0,1.0]","[0.0,0.0,0.0,0.0,0.0,0.0,0.0,0.0,0.0,0.0]","[65000.0,140000.0,475000.0,250000.0,856000.0,1130000.0,2040750.0,472000.0,3215000.0,620000.0]","[65000.0,55563.6,475000.0,250000.0,568906.67,378109.0,365582.75,120358.0,503579.0,70000.0]","[""JOTAPRIME 500 COMPB 4L (Thùng)"",""JTMT 90 COMPB 4,4L - KHÔNG MÀU - 4,4L (THÙNG)"",""JOTACOTE N10 COMPB 5L - KHÔNG MÀU - 5L (Thùng)"",""JOTAMASTIC 80 COMPB - 2,3L - KHÔNG MÀU (THÙNG)"",""JOTAMASTIC 80 COMPB 0,6L - 0,6L - KHÔNG MÀU (THÙNG)"",""JOTAFIX EPOXY PRIMER COMPB 3L - KHÔNG MÀU - 3L (Thùng)"",""PENGUARD COMPB 4L - KHÔNG MÀU - 4L (Thùng)"",""PENGUARD FC COMPB 4L - KHÔNG MÀU - 4L (Thùng)"",""PENGUARD COMPB 1L - KHÔNG MÀU - 1L (Thùng)"",""JOTAMASTIC 85 COMPB 4L - 4L - KHÔNG MÀU (THÙNG)""]","[108.0,4.0,30.0,21.0,1.0,105.0,72.0,5.0,8.0,50.0]","[0.0,0.0,0.0,0.0,0.0,0.0,0.0,0.0,0.0,0.0]","[0.0,0.0,0.0,0.0,0.0,0.0,0.0,0.0,0.0,0.0]","[0.0,0.0,-1.64559999E7,-291533.13,0.0,0.0,-788705.68,0.0,-149722.96,0.0]","[""JOTACOTE N10 COMPB 5L - KHÔNG MÀU - 5L (Thùng)"",""CVC Thuê ngoài"",""Cước vận chuyển - Xe Bác Chỉnh - VTT (Chuyến)"",""CVC TH - SHH (Chuyến)"",""Cước vận chuyển - Xe Chú Huân - VTT (Chuyến)"",""Cước vận chuyển - Xe Anh Phương - SHH (Chuyến)"",""PENGUARD COMPB 4L - KHÔNG MÀU - 4L (Thùng)"",""CVC TH - VTT (Chuyến)"",""Cước vận chuyển - Xe Anh Hậu - VTT (Chuyến)"",""bu ly 220 (Chiếc)""]","[30.0,5.0,7.0,3.0,31.0,4.0,72.0,13.0,6.0,2.0]","[0.0,0.0,0.0,0.0,0.0,0.0,0.0,0.0,0.0,0.0]","[0.0,1600000.0,4.4193E7,0.0,1.75E7,0.0,0.0,4250000.0,1650000.0,0.0]","[-1.64559999E7,-1.09E7,-7635000.0,-3200000.0,-2710631.74,-888888.92,-788705.68,-650000.02,-500000.0,-460000.0]","[""Ống cao su"",""Hàng phụ tùng"",""Gang thường - Gang Crom"",""Sơn hàng hải"",""Vật tư ngành nước"",""Lô chổi giấy giáp"",""Máy - bơm - củ phát"",""Sơn Trang Trí"",""Dịch vụ"",""Nhân công sản xuất""]","[23666.850000000002,17699.4,8963.5,1304.0,575.0,278.0,224.0,122.55,110.0,10.0]","[0.0,0.0,0.0,0.0,0.0,0.0,0.0,0.0,0.0,0.0]","[2.320437541E9,6.66468233E8,1.428240426E9,1.597787579E9,6.081E7,1915000.0,1.15829E9,1.5862525E8,5.78278982E8,5920000.0]","[4.4593755350000006E8,2.5875967250999996E8,3.9345077609999996E8,3.7687463372E8,1.307582309E7,727155.7000000001,4.0503729962E8,4.197218635E7,3.7148996231E8,5920000.0]","[""Ống cao su"",""Sơn hàng hải"",""Gang thường - Gang Crom"",""Máy - bơm - củ phát"",""Hàng phụ tùng"",""Dịch vụ"",""Sơn Trang Trí"",""Vật tư ngành nước"",""Nhân công sản xuất"",""Lô chổi giấy giáp""]","[23666.850000000002,1304.0,8963.5,224.0,17699.4,110.0,122.55,575.0,10.0,278.0]","[0.0,0.0,0.0,0.0,0.0,0.0,0.0,0.0,0.0,0.0]","[2.320437541E9,1.597787579E9,1.428240426E9,1.15829E9,6.66468233E8,5.78278982E8,1.5862525E8,6.081E7,5920000.0,1915000.0]","[4.4593755350000006E8,3.7687463372E8,3.9345077609999996E8,4.0503729962E8,2.5875967250999996E8,3.7148996231E8,4.197218635E7,1.307582309E7,5920000.0,727155.7000000001]","[""Ống cao su"",""Máy - bơm - củ phát"",""Gang thường - Gang Crom"",""Sơn hàng hải"",""Dịch vụ"",""Hàng phụ tùng"",""Sơn Trang Trí"",""Vật tư ngành nước"",""Nhân công sản xuất"",""Lô chổi giấy giáp""]","[23666.850000000002,224.0,8963.5,1304.0,110.0,17699.4,122.55,575.0,10.0,278.0]","[0.0,0.0,0.0,0.0,0.0,0.0,0.0,0.0,0.0,0.0]","[2.320437541E9,1.15829E9,1.428240426E9,1.597787579E9,5.78278982E8,6.66468233E8,1.5862525E8,6.081E7,5920000.0,1915000.0]","[4.4593755350000006E8,4.0503729962E8,3.9345077609999996E8,3.7687463372E8,3.7148996231E8,2.5875967250999996E8,4.197218635E7,1.307582309E7,5920000.0,727155.7000000001]","[""Đồ Tuy ô TL"",""Nhân công sản xuất"",""Dịch vụ"",""Sơn Trang Trí"",""Máy - bơm - củ phát"",""Lô chổi giấy giáp"",""Vật tư ngành nước"",""Sơn hàng hải"",""Gang thường - Gang Crom"",""Hàng phụ tùng""]","[4.0,10.0,110.0,122.55,224.0,278.0,575.0,1304.0,8963.5,17699.4]","[0.0,0.0,0.0,0.0,0.0,0.0,0.0,0.0,0.0,0.0]","[160000.0,5920000.0,5.78278982E8,1.5862525E8,1.15829E9,1915000.0,6.081E7,1.597787579E9,1.428240426E9,6.66468233E8]","[160000.0,5920000.0,3.7148996231E8,4.197218635E7,4.0503729962E8,727155.7000000001,1.307582309E7,3.7687463372E8,3.9345077609999996E8,2.5875967250999996E8]","[""Đồ Tuy ô TL"",""Lô chổi giấy giáp"",""Nhân công sản xuất"",""Vật tư ngành nước"",""Sơn Trang Trí"",""Dịch vụ"",""Hàng phụ tùng"",""Máy - bơm - củ phát"",""Gang thường - Gang Crom"",""Sơn hàng hải""]","[4.0,278.0,10.0,575.0,122.55,110.0,17699.4,224.0,8963.5,1304.0]","[0.0,0.0,0.0,0.0,0.0,0.0,0.0,0.0,0.0,0.0]","[160000.0,1915000.0,5920000.0,6.081E7,1.5862525E8,5.78278982E8,6.66468233E8,1.15829E9,1.428240426E9,1.597787579E9]","[160000.0,727155.7000000001,5920000.0,1.307582309E7,4.197218635E7,3.7148996231E8,2.5875967250999996E8,4.0503729962E8,3.9345077609999996E8,3.7687463372E8]","[""Đồ Tuy ô TL"",""Lô chổi giấy giáp"",""Nhân công sản xuất"",""Vật tư ngành nước"",""Sơn Trang Trí"",""Hàng phụ tùng"",""Dịch vụ"",""Sơn hàng hải"",""Gang thường - Gang Crom"",""Máy - bơm - củ phát""]","[4.0,278.0,10.0,575.0,122.55,17699.4,110.0,1304.0,8963.5,224.0]","[0.0,0.0,0.0,0.0,0.0,0.0,0.0,0.0,0.0,0.0]","[160000.0,1915000.0,5920000.0,6.081E7,1.5862525E8,6.66468233E8,5.78278982E8,1.597787579E9,1.428240426E9,1.15829E9]","[160000.0,727155.7000000001,5920000.0,1.307582309E7,4.197218635E7,2.5875967250999996E8,3.7148996231E8,3.7687463372E8,3.9345077609999996E8,4.0503729962E8]",30 ngày gần nhất
2025-04-10,144,500577674,276709,2025-04-01,2025-04-10,257,13908.0,115644.7,25596.32,34085400.0,"[""Bạt xanh gân sần CL - 150.36 (Mét)"",""Dây thép - 4ly+ (Kg)"",""Dây thép - 3ly+ (Kg)"",""Long đen vuông - 12 (Chiếc)"",""Cánh crom 200 - 460B (Kg)"",""BL 12*50+LĐVE+Ê (Bộ)"",""Bích hoa crom - 200-460 - 200 (kg)"",""Sên Crom - 150-180"",""Sên crom 200 - 460 (Kg)"",""BL 10*50+LĐVE+Ê (Bộ)""]","[2650.0,2546.9,1348.0,638.0,467.0,428.0,342.0,279.0,256.0,250.0]","[0.0,0.0,0.0,0.0,0.0,0.0,0.0,0.0,0.0,0.0]","[3.57470926E8,5.16857E7,2.7468715E7,1914000.0,2.144325E7,1498000.0,1.5732E7,1.2834E7,1.1776E7,750000.0]","[7.6570926E7,8575209.43,4581155.12,962978.06,2602807.48,782426.8,2223000.0,1813500.0,1664000.0,477240.0]","[""Bạt xanh gân sần CL - 150.36 (Mét)"",""JOTAPRIME 500 ALU.REDTONED 20L - Nhũ nhôm đỏ - 20L (Thùng)"",""Dây thép - 4ly+ (Kg)"",""JOTAPRIME 500 ALUMINIUM 20L - Nhũ nhôm xám - 20L (Thùng)"",""Ống chống nổ 150 - SNTQ - 10 (Mét)"",""Máy Koop Nhập Khẩu - S1110 - L1 - Cộc - KĐ (Chiếc)"",""SEAQUANTUM ULTRA III D RED 20L - Đỏ đậm - 20L (Thùng)"",""Sên - Gang - Φ100 (Chiếc)"",""Rùa - 3 (Chiếc)"",""ALKYDPRIMER QD RED 20L - Đỏ - 20L""]","[2650.0,46.0,2546.9,21.0,150.0,5.0,2.0,50.0,85.0,20.0]","[0.0,0.0,0.0,0.0,0.0,0.0,0.0,0.0,0.0,0.0]","[3.57470926E8,9.815E7,5.16857E7,4.505E7,4.5E7,4.0E7,3.88E7,3.55E7,3.4E7,3.3E7]","[7.6570926E7,2.047289316E7,8575209.43,9770000.0,8303571.6,4500000.0,4260000.0,6100000.0,7650000.0,6113751.4]","[""Bạt xanh gân sần CL - 150.36 (Mét)"",""Bầu dầu + Bích ren 200CR TY (Bộ)"",""JOTAPRIME 500 ALU.REDTONED 20L - Nhũ nhôm đỏ - 20L (Thùng)"",""JOTAPRIME 500 ALUMINIUM 20L - Nhũ nhôm xám - 20L (Thùng)"",""Dây thép - 4ly+ (Kg)"",""Ống chống nổ 150 - SNTQ - 10 (Mét)"",""Rùa - 3 (Chiếc)"",""Rồng đen 300 TH 4M (Đường)"",""ALKYDPRIMER QD RED 20L - Đỏ - 20L"",""Sên - Gang - Φ100 (Chiếc)""]","[2650.0,1.0,46.0,21.0,2546.9,150.0,85.0,1.0,20.0,50.0]","[0.0,0.0,0.0,0.0,0.0,0.0,0.0,0.0,0.0,0.0]","[3.57470926E8,3.2E7,9.815E7,4.505E7,5.16857E7,4.5E7,3.4E7,6700000.0,3.3E7,3.55E7]","[7.6570926E7,3.2E7,2.047289316E7,9770000.0,8575209.43,8303571.6,7650000.0,6700000.0,6113751.4,6100000.0]","[""Túp 65*95 - QP - Đ"",""Túp 70*112 (Túp 150-TY) - CD - T (Mét)"",""Cước vận chuyển - Xe Anh Dũng - VTT (Chuyến)"",""Cước vận chuyển - Xe Bác Nhỡ - SHH (Chuyến)"",""Bầu dầu 200HC (Bộ)"",""Trục 200 L205 - HT 317-4Bi (205P) (Chiếc)"",""Bầu dầu + Bích ren 200CR TY (Bộ)"",""Củ ren sắt - 200 (Chiếc)"",""Bầu dầu 200 NĐ HC (Bộ)"",""ALKYDPRIMER QD RED 5L - Đỏ - 5L""]","[0.1,0.1,1.0,1.0,1.0,1.0,1.0,1.0,1.0,1.0]","[0.0,0.0,0.0,0.0,0.0,0.0,0.0,0.0,0.0,0.0]","[70000.0,65000.0,250000.0,0.0,1.08E7,1800000.0,3.2E7,380000.0,1.2E7,450000.0]","[27781.8,65000.0,150000.0,-250000.0,2469246.91,650000.0,3.2E7,230000.0,2000000.0,120660.67]","[""Cước vận chuyển - Xe Bác Nhỡ - SHH (Chuyến)"",""PENGUARD COMPB 4L - KHÔNG MÀU - 4L (Thùng)"",""JOTAFIX EPOXY PRIMER COMPB 3L - KHÔNG MÀU - 3L (Thùng)"",""JOTAMASTIC 80 COMPB - 2,3L - KHÔNG MÀU (THÙNG)"",""SAFEGUARD UNI ES COMPB 3L - KHÔNG MÀU - 3L (Thùng)"",""JOTAPRIME 500 COMPB 4L (Thùng)"",""JOTAPRIME 500 COMPB 4L - KHÔNG MÀU - 4L (Thùng)"",""JTMT 90 COMPB 4,4L - KHÔNG MÀU - 4,4L (THÙNG)"",""JOTAMASTIC 80 COMPB 0,6L - 0,6L - KHÔNG MÀU (THÙNG)"",""Dây curoa B89 răng (Sợi)""]","[1.0,8.0,10.0,19.0,3.0,58.0,9.0,4.0,1.0,2.0]","[0.0,0.0,0.0,0.0,0.0,0.0,0.0,0.0,0.0,0.0]","[0.0,0.0,0.0,0.0,0.0,0.0,0.0,0.0,0.0,0.0]","[-250000.0,-84632.56,0.0,-263768.07,0.0,0.0,-3036.87,0.0,0.0,-180000.0]","[""Cước vận chuyển - Xe Bác Chỉnh - VTT (Chuyến)"",""CVC Thuê ngoài"",""VAT HH"",""CVC TH - VTT (Chuyến)"",""Túp 80*120 - CD - Đ (Mét)"",""Cước vận chuyển - Xe Chú Huân - VTT (Chuyến)"",""bu ly 220 (Chiếc)"",""PENGUARD TC STD RED 049 19,88L - Đỏ tươi 049 - 19,88L (Thùng)"",""JOTAMASTIC 80 COMPB - 2,3L - KHÔNG MÀU (THÙNG)"",""Cước vận chuyển - Xe Bác Nhỡ - SHH (Chuyến)""]","[3.0,2.0,1.0,5.0,2.0,6.0,2.0,5.0,19.0,1.0]","[0.0,0.0,0.0,0.0,0.0,0.0,0.0,0.0,0.0,0.0]","[1800000.0,1600000.0,3808000.0,1100000.0,900000.0,4600000.0,0.0,1.418935E7,0.0,0.0]","[-5100000.0,-3400000.0,-980699.79,-978515.64,-600000.0,-471088.8,-460000.0,-352870.0,-263768.07,-250000.0]","[""Ống cao su"",""Hàng phụ tùng"",""Gang thường - Gang Crom"",""Sơn hàng hải"",""Vật tư ngành nước"",""Lô chổi giấy giáp"",""Sơn Trang Trí"",""Dịch vụ"",""Máy - bơm - củ phát"",""Nhân công sản xuất""]","[7850.6,3419.4,2150.0,281.0,67.0,52.0,35.0,26.0,19.0,4.0]","[0.0,0.0,0.0,0.0,0.0,0.0,0.0,0.0,0.0,0.0]","[6.60705841E8,1.03052733E8,2.88328926E8,3.6886152E8,9140000.0,135000.0,3.89295E7,1.325E7,1.23E8,2823000.0]","[1.3500992767000002E8,4.131144468E7,8.959764577E7,6.361810774000001E7,1756714.4200000002,10579.26,9548118.84,-6249604.4399999995,1.840761596E7,2823000.0]","[""Ống cao su"",""Sơn hàng hải"",""Gang thường - Gang Crom"",""Máy - bơm - củ phát"",""Hàng phụ tùng"",""Sơn Trang Trí"",""Dịch vụ"",""Vật tư ngành nước"",""Nhân công sản xuất"",""Đồ Tuy ô TL""]","[7850.6,281.0,2150.0,19.0,3419.4,35.0,26.0,67.0,4.0,4.0]","[0.0,0.0,0.0,0.0,0.0,0.0,0.0,0.0,0.0,0.0]","[6.60705841E8,3.6886152E8,2.88328926E8,1.23E8,1.03052733E8,3.89295E7,1.325E7,9140000.0,2823000.0,160000.0]","[1.3500992767000002E8,6.361810774000001E7,8.959764577E7,1.840761596E7,4.131144468E7,9548118.84,-6249604.4399999995,1756714.4200000002,2823000.0,160000.0]","[""Ống cao su"",""Gang thường - Gang Crom"",""Sơn hàng hải"",""Hàng phụ tùng"",""Máy - bơm - củ phát"",""Sơn Trang Trí"",""Nhân công sản xuất"",""Vật tư ngành nước"",""Đồ Tuy ô TL"",""Lô chổi giấy giáp""]","[7850.6,2150.0,281.0,3419.4,19.0,35.0,4.0,67.0,4.0,52.0]","[0.0,0.0,0.0,0.0,0.0,0.0,0.0,0.0,0.0,0.0]","[6.60705841E8,2.88328926E8,3.6886152E8,1.03052733E8,1.23E8,3.89295E7,2823000.0,9140000.0,160000.0,135000.0]","[1.3500992767000002E8,8.959764577E7,6.361810774000001E7,4.131144468E7,1.840761596E7,9548118.84,2823000.0,1756714.4200000002,160000.0,10579.26]","[""Nhân công sản xuất"",""Đồ Tuy ô TL"",""Máy - bơm - củ phát"",""Dịch vụ"",""Sơn Trang Trí"",""Lô chổi giấy giáp"",""Vật tư ngành nước"",""Sơn hàng hải"",""Gang thường - Gang Crom"",""Hàng phụ tùng""]","[4.0,4.0,19.0,26.0,35.0,52.0,67.0,281.0,2150.0,3419.4]","[0.0,0.0,0.0,0.0,0.0,0.0,0.0,0.0,0.0,0.0]","[2823000.0,160000.0,1.23E8,1.325E7,3.89295E7,135000.0,9140000.0,3.6886152E8,2.88328926E8,1.03052733E8]","[2823000.0,160000.0,1.840761596E7,-6249604.4399999995,9548118.84,10579.26,1756714.4200000002,6.361810774000001E7,8.959764577E7,4.131144468E7]","[""Lô chổi giấy giáp"",""Đồ Tuy ô TL"",""Nhân công sản xuất"",""Vật tư ngành nước"",""Dịch vụ"",""Sơn Trang Trí"",""Hàng phụ tùng"",""Máy - bơm - củ phát"",""Gang thường - Gang Crom"",""Sơn hàng hải""]","[52.0,4.0,4.0,67.0,26.0,35.0,3419.4,19.0,2150.0,281.0]","[0.0,0.0,0.0,0.0,0.0,0.0,0.0,0.0,0.0,0.0]","[135000.0,160000.0,2823000.0,9140000.0,1.325E7,3.89295E7,1.03052733E8,1.23E8,2.88328926E8,3.6886152E8]","[10579.26,160000.0,2823000.0,1756714.4200000002,-6249604.4399999995,9548118.84,4.131144468E7,1.840761596E7,8.959764577E7,6.361810774000001E7]","[""Dịch vụ"",""Lô chổi giấy giáp"",""Đồ Tuy ô TL"",""Vật tư ngành nước"",""Nhân công sản xuất"",""Sơn Trang Trí"",""Máy - bơm - củ phát"",""Hàng phụ tùng"",""Sơn hàng hải"",""Gang thường - Gang Crom""]","[26.0,52.0,4.0,67.0,4.0,35.0,19.0,3419.4,281.0,2150.0]","[0.0,0.0,0.0,0.0,0.0,0.0,0.0,0.0,0.0,0.0]","[1.325E7,135000.0,160000.0,9140000.0,2823000.0,3.89295E7,1.23E8,1.03052733E8,3.6886152E8,2.88328926E8]","[-6249604.4399999995,10579.26,160000.0,1756714.4200000002,2823000.0,9548118.84,1.840761596E7,4.131144468E7,6.361810774000001E7,8.959764577E7]",tháng này
2025-04-10,144,500577674,276709,2025-02-09,2025-03-11,541,69880.89,143878.61,40874.75,918511789.0,"[""Dây thép - 4ly+ (Kg)"",""Sên crom 200 - 460 (Kg)"",""Bạt xanh gân sần CL - 150.36 (Mét)"",""BL 12*50+LĐVE+Ê (Bộ)"",""BL 10*50+LĐVE+Ê (Bộ)"",""BL 10*30+LĐVE+Ê (Bộ)"",""Cánh crom 200 - 460B (Kg)"",""Bích hoa crom - 200-460 - 200 (kg)"",""Dây thép - 3ly+ (Kg)"",""Zoăng - bích hoa - 9 (Chiếc)""]","[5059.799999999999,4747.0,3850.0,3574.0,2871.0,2854.0,2730.0,2523.0,1822.8000000000002,1018.0]","[0.0,0.0,0.0,0.0,0.0,0.0,0.0,0.0,0.0,0.0]","[1.0053305E8,2.18362E8,5.1205E8,1.2509E7,8613000.0,8562000.0,1.244025E8,1.16058E8,3.60652E7,7192000.0]","[1.53232729E7,3.08555E7,1.0395E8,7099414.86,5766185.13,7301666.24,1.384554297E7,1.63995E7,4679925.85,2003754.92]","[""Rồng TH - đỏ - 100 - 6M (Đường)"",""Bạt xanh gân sần CL - 150.36 (Mét)"",""Rồng đỏ TQ - Φ220 - 6M (Đường)"",""Máy Chang Chai Nhập Khẩu - S1110 - L1 - Cộc - KĐ (Chiếc)"",""Sên - Gang - Φ100 (Chiếc)"",""Máy QuanTrai Nhập Khẩu - S1110 - Cộc - KĐ (Chiếc)"",""Máy Changtianfa Nhập Khẩu - S1110 - Cộc - Không Đề (Chiếc)"",""Sên crom 200 - 460 (Kg)"",""Bộ bầu dầu + Bích ren 250 TY (Bộ)"",""PENGUARD FC STD RED 049 - Đỏ tươi 049 - 20L (THÙNG)""]","[619.0,3850.0,40.0,41.0,499.0,36.0,33.0,4747.0,6.0,74.0]","[0.0,0.0,0.0,0.0,0.0,0.0,0.0,0.0,0.0,0.0]","[6.1155E8,5.1205E8,4.72E8,4.018E8,3.4799E8,2.7E8,2.539E8,2.18362E8,1.92E8,1.772522E8]","[8.54E7,1.0395E8,1.22512E8,4.250716857E7,5.4578E7,3.78E7,2.42275E8,3.08555E7,1.14627E8,2.03722E7]","[""Máy Changtianfa Nhập Khẩu - S1110 - Cộc - Không Đề (Chiếc)"",""CKDS năm 2024"",""Bầu dầu + Bích ren 200CR TY (Bộ)"",""Rồng đỏ TQ - Φ220 - 6M (Đường)"",""Bộ bầu dầu + Bích ren 250 TY (Bộ)"",""Bạt xanh gân sần CL - 150.36 (Mét)"",""CP PS VTT"",""CKDS quý 4/2024"",""Rồng TH - đỏ - 100 - 6M (Đường)"",""SEAFORCE SHIELD DARK RED 20L - Đỏ đậm - 20L (Thùng)""]","[33.0,1.0,5.0,40.0,6.0,3850.0,4.0,1.0,619.0,12.0]","[0.0,0.0,0.0,0.0,0.0,0.0,0.0,0.0,0.0,0.0]","[2.539E8,1.61648489E8,1.52E8,4.72E8,1.92E8,5.1205E8,1.04716032E8,8.6753428E7,6.1155E8,8.4E7]","[2.42275E8,1.61648489E8,1.52E8,1.22512E8,1.14627E8,1.0395E8,9.7372707E7,8.6753428E7,8.54E7,8.4E7]","[""Lăn sơn vỉ (Vỉ)"",""Ống nhựa TP C2 - Φ114 (Mét)"",""Túp 83*135 - CD - Đ (Mét)"",""Túp 83*112 - CD - T"",""Cây ren Inox M16 (Mét)"",""PILOT II BLACK 5L - Đen - 5L (Thùng)"",""JOTUN THINNER NO.07 20L - KHÔNG MÀU - 20L (Thùng)"",""VAT HH"",""PILOT II STD 049 RED 4.7L (Thùng)"",""Bơm Thuỷ Lực (Chiếc)""]","[0.2,0.4,0.5,0.5,0.6,1.0,1.0,1.0,1.0,1.0]","[0.0,0.0,0.0,0.0,0.0,0.0,0.0,0.0,0.0,0.0]","[10000.0,36000.0,750000.0,400000.0,60000.0,526500.0,1300000.0,3.7518468E7,0.0,1500000.0]","[4400.0,36000.0,300000.0,75000.0,60000.0,-34500.0,179705.18,3.272976821E7,0.0,1500000.0]","[""FUTURA CLASSIC COMPB 2L - KHÔNG MÀU - 2L (Thùng)"",""PENGUARD COMPB 4L - KHÔNG MÀU - 4L (Thùng)"",""JOTAMASTIC 80 COMPB 0,6L - 0,6L - KHÔNG MÀU (THÙNG)"",""TANKGUARD HB CLASSIC COMPB 4L - KHÔNG MÀU - 4L (Thùng)"",""MUKI EPS COMPB 0,5L - KHÔNG MÀU - 0,5L (Thùng)"",""PENGUARD COMPB 1L - KHÔNG MÀU - 1L (Thùng)"",""JOTAFIX EPOXY PRIMER COMP B 0.83L (Thùng)"",""JOTAFLOOR SEALER COMP B 4L (Thùng)"",""JOTAPRIME 500 COMPB 1L - KHÔNG MÀU - 1L"",""PENGUARD FC COMPB 4L - KHÔNG MÀU - 4L (Thùng)""]","[5.0,31.0,9.0,33.0,5.0,11.0,5.0,2.0,13.0,81.0]","[0.0,0.0,0.0,0.0,0.0,0.0,0.0,0.0,0.0,0.0]","[0.0,0.0,0.0,0.0,0.0,0.0,0.0,0.0,0.0,0.0]","[0.0,-432625.15,0.0,0.0,0.0,-205869.07,0.0,0.0,0.0,0.0]","[""JOTAFIX EPOXY PRIMER RED 18L - Đỏ - 18L (Thùng)"",""CVC Thuê ngoài"",""ALKYDPRIMER QD GREY 20L - Xám - 20L (Thùng)"",""CVC TH - SHH (Chuyến)"",""PILOT II WHITE 20L - Trắng - 20L (Thùng)"",""Cước vận chuyển - Xe Chú Huân - VTT (Chuyến)"",""ALUMINIUM PAINT HR 20L - Nhũ nhôm xám - 20L (Thùng)"",""PILOT II STD 257 GREEN 19.67L (Thùng)"",""JOTAMASTIC 80 COMPB - 2,3L - KHÔNG MÀU (THÙNG)"",""Đẹp Nguyên Bản - A - 5L (Lon)""]","[48.0,3.0,9.0,6.0,28.0,56.0,2.0,5.0,104.0,1.0]","[0.0,0.0,0.0,0.0,0.0,0.0,0.0,0.0,0.0,0.0]","[3.1608E7,0.0,6600000.0,0.0,5.8786E7,2.925E7,6830600.0,1.0207255E7,0.0,1050000.0]","[-3.63904224E7,-7500000.0,-6369000.0,-6000000.0,-5614000.0,-4171994.44,-1661400.0,-1594745.0,-1443783.12,-1275000.0]","[""Hàng phụ tùng"",""Ống cao su"",""Gang thường - Gang Crom"",""Sơn hàng hải"",""Vật tư ngành nước"",""Lô chổi giấy giáp"",""Máy - bơm - củ phát"",""Dịch vụ"",""Sơn Trang Trí"",""Đồ Tuy ô TL""]","[29950.4,21094.89,16317.6,1112.0,528.0,444.0,234.0,112.0,66.0,10.0]","[0.0,0.0,0.0,0.0,0.0,0.0,0.0,0.0,0.0,0.0]","[1.0340939E9,3.00114415E9,2.5037185E9,1.391036262E9,5.489E7,2775000.0,1.34463E9,2.80156032E8,6.93675E7,2950000.0]","[4.160253738800001E8,5.6678107285E8,7.2715384882E8,2.3941390845999998E8,1.3059818139999999E7,1208576.88,3.9776535921E8,1.0085582364E8,2.1545811870000005E7,2950000.0]","[""Ống cao su"",""Gang thường - Gang Crom"",""Sơn hàng hải"",""Máy - bơm - củ phát"",""Hàng phụ tùng"",""Sơn trang trí công nợ"",""Dịch vụ"",""Sơn Trang Trí"",""Vật tư ngành nước"",""Nhân công sản xuất""]","[21094.89,16317.6,1112.0,234.0,29950.4,5.0,112.0,66.0,528.0,7.0]","[0.0,0.0,0.0,0.0,0.0,0.0,0.0,0.0,0.0,0.0]","[3.00114415E9,2.5037185E9,1.391036262E9,1.34463E9,1.0340939E9,3.63104262E8,2.80156032E8,6.93675E7,5.489E7,6500000.0]","[5.6678107285E8,7.2715384882E8,2.3941390845999998E8,3.9776535921E8,4.160253738800001E8,3.63104262E8,1.0085582364E8,2.1545811870000005E7,1.3059818139999999E7,6500000.0]","[""Gang thường - Gang Crom"",""Ống cao su"",""Hàng phụ tùng"",""Máy - bơm - củ phát"",""Sơn trang trí công nợ"",""Sơn hàng hải"",""Dịch vụ"",""Sơn Trang Trí"",""Vật tư ngành nước"",""Nhân công sản xuất""]","[16317.6,21094.89,29950.4,234.0,5.0,1112.0,112.0,66.0,528.0,7.0]","[0.0,0.0,0.0,0.0,0.0,0.0,0.0,0.0,0.0,0.0]","[2.5037185E9,3.00114415E9,1.0340939E9,1.34463E9,3.63104262E8,1.391036262E9,2.80156032E8,6.93675E7,5.489E7,6500000.0]","[7.2715384882E8,5.6678107285E8,4.160253738800001E8,3.9776535921E8,3.63104262E8,2.3941390845999998E8,1.0085582364E8,2.1545811870000005E7,1.3059818139999999E7,6500000.0]","[""Sơn trang trí công nợ"",""Nhân công sản xuất"",""Đồ Tuy ô TL"",""Sơn Trang Trí"",""Dịch vụ"",""Máy - bơm - củ phát"",""Lô chổi giấy giáp"",""Vật tư ngành nước"",""Sơn hàng hải"",""Gang thường - Gang Crom""]","[5.0,7.0,10.0,66.0,112.0,234.0,444.0,528.0,1112.0,16317.6]","[0.0,0.0,0.0,0.0,0.0,0.0,0.0,0.0,0.0,0.0]","[3.63104262E8,6500000.0,2950000.0,6.93675E7,2.80156032E8,1.34463E9,2775000.0,5.489E7,1.391036262E9,2.5037185E9]","[3.63104262E8,6500000.0,2950000.0,2.1545811870000005E7,1.0085582364E8,3.9776535921E8,1208576.88,1.3059818139999999E7,2.3941390845999998E8,7.2715384882E8]","[""Lô chổi giấy giáp"",""Đồ Tuy ô TL"",""Nhân công sản xuất"",""Vật tư ngành nước"",""Sơn Trang Trí"",""Dịch vụ"",""Sơn trang trí công nợ"",""Hàng phụ tùng"",""Máy - bơm - củ phát"",""Sơn hàng hải""]","[444.0,10.0,7.0,528.0,66.0,112.0,5.0,29950.4,234.0,1112.0]","[0.0,0.0,0.0,0.0,0.0,0.0,0.0,0.0,0.0,0.0]","[2775000.0,2950000.0,6500000.0,5.489E7,6.93675E7,2.80156032E8,3.63104262E8,1.0340939E9,1.34463E9,1.391036262E9]","[1208576.88,2950000.0,6500000.0,1.3059818139999999E7,2.1545811870000005E7,1.0085582364E8,3.63104262E8,4.160253738800001E8,3.9776535921E8,2.3941390845999998E8]","[""Lô chổi giấy giáp"",""Đồ Tuy ô TL"",""Nhân công sản xuất"",""Vật tư ngành nước"",""Sơn Trang Trí"",""Dịch vụ"",""Sơn hàng hải"",""Sơn trang trí công nợ"",""Máy - bơm - củ phát"",""Hàng phụ tùng""]","[444.0,10.0,7.0,528.0,66.0,112.0,1112.0,5.0,234.0,29950.4]","[0.0,0.0,0.0,0.0,0.0,0.0,0.0,0.0,0.0,0.0]","[2775000.0,2950000.0,6500000.0,5.489E7,6.93675E7,2.80156032E8,1.391036262E9,3.63104262E8,1.34463E9,1.0340939E9]","[1208576.88,2950000.0,6500000.0,1.3059818139999999E7,2.1545811870000005E7,1.0085582364E8,2.3941390845999998E8,3.63104262E8,3.9776535921E8,4.160253738800001E8]",30 ngày trước đó
2025-04-10,144,500577674,276709,2025-04-03,2025-04-10,191,9884.8,101155.89,20497.01,32185400.0,"[""Dây thép - 4ly+ (Kg)"",""Bạt xanh gân sần CL - 150.36 (Mét)"",""Dây thép - 3ly+ (Kg)"",""Long đen vuông - 12 (Chiếc)"",""Cánh crom 200 - 460B (Kg)"",""Bích hoa crom - 200-460 - 200 (kg)"",""BL 12*50+LĐVE+Ê (Bộ)"",""Sên crom 200 - 460 (Kg)"",""BL 10*50+LĐVE+Ê (Bộ)"",""Tuy ô - Cao áp - HX (Chiếc)""]","[2067.4,1750.0,1287.0,618.0,389.5,342.0,328.0,256.0,200.0,130.0]","[0.0,0.0,0.0,0.0,0.0,0.0,0.0,0.0,0.0,0.0]","[4.20957E7,2.35970926E8,2.6248715E7,1854000.0,1.7917E7,1.5732E7,1148000.0,1.1776E7,600000.0,1950000.0]","[6897659.5,5.0470926E7,4375622.33,932790.66,2203183.38,2223000.0,599616.8,1664000.0,381792.0,773188.0]","[""Bạt xanh gân sần CL - 150.36 (Mét)"",""JOTAPRIME 500 ALU.REDTONED 20L - Nhũ nhôm đỏ - 20L (Thùng)"",""Dây thép - 4ly+ (Kg)"",""Máy Koop Nhập Khẩu - S1110 - L1 - Cộc - KĐ (Chiếc)"",""JOTAPRIME 500 ALUMINIUM 20L - Nhũ nhôm xám - 20L (Thùng)"",""ALKYDPRIMER QD RED 20L - Đỏ - 20L"",""Sên - Gang - Φ100 (Chiếc)"",""JOTAMASTIC 80 ALU.REDTONED 18,3L - Nhũ nhôm đỏ - 18,3L (THÙNG)"",""Dây thép - 3ly+ (Kg)"",""Ống chống nổ 150 - SNTQ - 10 (Mét)""]","[1750.0,36.0,2067.4,5.0,16.0,20.0,45.0,12.0,1287.0,80.0]","[0.0,0.0,0.0,0.0,0.0,0.0,0.0,0.0,0.0,0.0]","[2.35970926E8,7.665E7,4.20957E7,4.0E7,3.43E7,3.3E7,3.195E7,2.931946E7,2.6248715E7,2.4E7]","[5.0470926E7,1.577289316E7,6897659.5,4500000.0,7420000.0,6113751.4,5490000.0,4947198.16,4375622.33,4396825.6]","[""Bạt xanh gân sần CL - 150.36 (Mét)"",""JOTAPRIME 500 ALU.REDTONED 20L - Nhũ nhôm đỏ - 20L (Thùng)"",""JOTAPRIME 500 ALUMINIUM 20L - Nhũ nhôm xám - 20L (Thùng)"",""Dây thép - 4ly+ (Kg)"",""Rồng đen 300 TH 4M (Đường)"",""ALKYDPRIMER QD RED 20L - Đỏ - 20L"",""Sên - Gang - Φ100 (Chiếc)"",""JOTAMASTIC 80 ALU.REDTONED 18,3L - Nhũ nhôm đỏ - 18,3L (THÙNG)"",""Máy Koop Nhập Khẩu - S1110 - L1 - Cộc - KĐ (Chiếc)"",""Ống chống nổ 150 - SNTQ - 10 (Mét)""]","[1750.0,36.0,16.0,2067.4,1.0,20.0,45.0,12.0,5.0,80.0]","[0.0,0.0,0.0,0.0,0.0,0.0,0.0,0.0,0.0,0.0]","[2.35970926E8,7.665E7,3.43E7,4.20957E7,6700000.0,3.3E7,3.195E7,2.931946E7,4.0E7,2.4E7]","[5.0470926E7,1.577289316E7,7420000.0,6897659.5,6700000.0,6113751.4,5490000.0,4947198.16,4500000.0,4396825.6]","[""ALKYDPRIMER QD RED 5L - Đỏ - 5L"",""PENGUARD TC STD BLUE 138 19,18L - Xanh nước biển 138 - 19,18L (Thùng)"",""PIONER TC WHITE 18.62L - Trắng - 18.62L (THÙNG)"",""Tough Shield - A - 17L (Thùng)"",""Bả nội ngoại thất Interior & Exterior Putty - 40KG (Bao)"",""Bệ máy (Chiếc)"",""Củ phát Sti trần - 8KW - 1 pha (Chiếc)"",""Củ phát Sti trần - 10KW - 1 pha (Chiếc)"",""Hộp số 06A 3.5/1 KJY (Chiếc)"",""Củ phát - 5KW Sti trần - 1P (Chiếc)""]","[1.0,1.0,1.0,1.0,1.0,1.0,1.0,1.0,1.0,1.0]","[0.0,0.0,0.0,0.0,0.0,0.0,0.0,0.0,0.0,0.0]","[450000.0,2733150.0,3400000.0,1412000.0,495000.0,1600000.0,1.04E7,1.1E7,7000000.0,8700000.0]","[120660.67,221529.0,540000.0,277506.93,177002.03,203200.0,2000000.0,2300000.0,1434782.61,1300000.0]","[""Cước vận chuyển - Xe Bác Nhỡ - SHH (Chuyến)"",""JOTAPRIME 500 COMPB 4L - KHÔNG MÀU - 4L (Thùng)"",""JOTAMASTIC 80 COMPB - 2,3L - KHÔNG MÀU (THÙNG)"",""JOTAPRIME 500 COMPB 4L (Thùng)"",""PENGUARD COMPB 4L - KHÔNG MÀU - 4L (Thùng)"",""Bu lông - 20*60 (Chiếc)"",""Zoăng - nước mát (Chiếc)"",""Long đen phẳng - 14 (Chiếc)"",""Ống nhựa TP C2 - Φ27 (Mét)"",""Ống nhựa TP C2 - Φ21 (Mét)""]","[1.0,9.0,18.0,43.0,6.0,2.0,2.0,16.0,1.0,1.4]","[0.0,0.0,0.0,0.0,0.0,0.0,0.0,0.0,0.0,0.0]","[0.0,0.0,0.0,0.0,0.0,10000.0,10000.0,11200.0,15000.0,16800.0]","[-250000.0,-3036.87,-249885.54,0.0,-83733.9,10000.0,4000.0,9318.88,15000.0,13064.44]","[""Cước vận chuyển - Xe Bác Chỉnh - VTT (Chuyến)"",""CVC Thuê ngoài"",""Cước vận chuyển - Xe Chú Huân - VTT (Chuyến)"",""Túp 80*120 - CD - Đ (Mét)"",""PENGUARD TC STD RED 049 19,88L - Đỏ tươi 049 - 19,88L (Thùng)"",""Cước vận chuyển - Xe Bác Nhỡ - SHH (Chuyến)"",""JOTAMASTIC 80 COMPB - 2,3L - KHÔNG MÀU (THÙNG)"",""CVC TH - VTT (Chuyến)"",""PENGUARD COMPB 4L - KHÔNG MÀU - 4L (Thùng)"",""JOTAPRIME 500 COMPB 4L - KHÔNG MÀU - 4L (Thùng)""]","[3.0,2.0,3.0,2.0,5.0,1.0,18.0,1.0,6.0,9.0]","[0.0,0.0,0.0,0.0,0.0,0.0,0.0,0.0,0.0,0.0]","[1800000.0,1600000.0,1200000.0,900000.0,1.418935E7,0.0,0.0,600000.0,0.0,0.0]","[-5100000.0,-3400000.0,-935544.4,-600000.0,-352870.0,-250000.0,-249885.54,-200000.0,-83733.9,-3036.87]","[""Ống cao su"",""Hàng phụ tùng"",""Gang thường - Gang Crom"",""Sơn hàng hải"",""Vật tư ngành nước"",""Dịch vụ"",""Máy - bơm - củ phát"",""Sơn Trang Trí"",""Đồ Tuy ô TL"",""Nhân công sản xuất""]","[5800.9,2509.4,1298.5,197.0,31.0,18.0,13.0,9.0,4.0,4.0]","[0.0,0.0,0.0,0.0,0.0,0.0,0.0,0.0,0.0,0.0]","[4.02169841E8,8.1109733E7,1.54688676E8,2.3611652E8,4068000.0,8350000.0,1.066E8,3820000.0,160000.0,2823000.0]","[8.497067024999999E7,3.0157761769999996E7,3.3350553770000003E7,3.939671349000001E7,677393.7999999999,-5935544.4,1.61432E7,865126.04,160000.0,2823000.0]","[""Ống cao su"",""Sơn hàng hải"",""Gang thường - Gang Crom"",""Máy - bơm - củ phát"",""Hàng phụ tùng"",""Dịch vụ"",""Vật tư ngành nước"",""Sơn Trang Trí"",""Nhân công sản xuất"",""Đồ Tuy ô TL""]","[5800.9,197.0,1298.5,13.0,2509.4,18.0,31.0,9.0,4.0,4.0]","[0.0,0.0,0.0,0.0,0.0,0.0,0.0,0.0,0.0,0.0]","[4.02169841E8,2.3611652E8,1.54688676E8,1.066E8,8.1109733E7,8350000.0,4068000.0,3820000.0,2823000.0,160000.0]","[8.497067024999999E7,3.939671349000001E7,3.3350553770000003E7,1.61432E7,3.0157761769999996E7,-5935544.4,677393.7999999999,865126.04,2823000.0,160000.0]","[""Ống cao su"",""Sơn hàng hải"",""Gang thường - Gang Crom"",""Hàng phụ tùng"",""Máy - bơm - củ phát"",""Nhân công sản xuất"",""Sơn Trang Trí"",""Vật tư ngành nước"",""Đồ Tuy ô TL"",""Dịch vụ""]","[5800.9,197.0,1298.5,2509.4,13.0,4.0,9.0,31.0,4.0,18.0]","[0.0,0.0,0.0,0.0,0.0,0.0,0.0,0.0,0.0,0.0]","[4.02169841E8,2.3611652E8,1.54688676E8,8.1109733E7,1.066E8,2823000.0,3820000.0,4068000.0,160000.0,8350000.0]","[8.497067024999999E7,3.939671349000001E7,3.3350553770000003E7,3.0157761769999996E7,1.61432E7,2823000.0,865126.04,677393.7999999999,160000.0,-5935544.4]","[""Đồ Tuy ô TL"",""Nhân công sản xuất"",""Sơn Trang Trí"",""Máy - bơm - củ phát"",""Dịch vụ"",""Vật tư ngành nước"",""Sơn hàng hải"",""Gang thường - Gang Crom"",""Hàng phụ tùng"",""Ống cao su""]","[4.0,4.0,9.0,13.0,18.0,31.0,197.0,1298.5,2509.4,5800.9]","[0.0,0.0,0.0,0.0,0.0,0.0,0.0,0.0,0.0,0.0]","[160000.0,2823000.0,3820000.0,1.066E8,8350000.0,4068000.0,2.3611652E8,1.54688676E8,8.1109733E7,4.02169841E8]","[160000.0,2823000.0,865126.04,1.61432E7,-5935544.4,677393.7999999999,3.939671349000001E7,3.3350553770000003E7,3.0157761769999996E7,8.497067024999999E7]","[""Đồ Tuy ô TL"",""Nhân công sản xuất"",""Sơn Trang Trí"",""Vật tư ngành nước"",""Dịch vụ"",""Hàng phụ tùng"",""Máy - bơm - củ phát"",""Gang thường - Gang Crom"",""Sơn hàng hải"",""Ống cao su""]","[4.0,4.0,9.0,31.0,18.0,2509.4,13.0,1298.5,197.0,5800.9]","[0.0,0.0,0.0,0.0,0.0,0.0,0.0,0.0,0.0,0.0]","[160000.0,2823000.0,3820000.0,4068000.0,8350000.0,8.1109733E7,1.066E8,1.54688676E8,2.3611652E8,4.02169841E8]","[160000.0,2823000.0,865126.04,677393.7999999999,-5935544.4,3.0157761769999996E7,1.61432E7,3.3350553770000003E7,3.939671349000001E7,8.497067024999999E7]","[""Dịch vụ"",""Đồ Tuy ô TL"",""Vật tư ngành nước"",""Sơn Trang Trí"",""Nhân công sản xuất"",""Máy - bơm - củ phát"",""Hàng phụ tùng"",""Gang thường - Gang Crom"",""Sơn hàng hải"",""Ống cao su""]","[18.0,4.0,31.0,9.0,4.0,13.0,2509.4,1298.5,197.0,5800.9]","[0.0,0.0,0.0,0.0,0.0,0.0,0.0,0.0,0.0,0.0]","[8350000.0,160000.0,4068000.0,3820000.0,2823000.0,1.066E8,8.1109733E7,1.54688676E8,2.3611652E8,4.02169841E8]","[-5935544.4,160000.0,677393.7999999999,865126.04,2823000.0,1.61432E7,3.0157761769999996E7,3.3350553770000003E7,3.939671349000001E7,8.497067024999999E7]",7 ngày gần nhất
2025-04-10,144,500577674,276709,2025-03-01,2025-04-01,575,73603.88,156574.39,47331.29,1165435189.0,"[""Dây thép - 4ly+ (Kg)"",""Bạt xanh gân sần CL - 150.36 (Mét)"",""Sên crom 200 - 460 (Kg)"",""Bích hoa crom - 200-460 - 200 (kg)"",""Cánh crom 200 - 460B (Kg)"",""BL 12*50+LĐVE+Ê (Bộ)"",""Dây thép - 3ly+ (Kg)"",""BL 10*50+LĐVE+Ê (Bộ)"",""BL 10*30+LĐVE+Ê (Bộ)"",""BL 8*30+LĐVE+Ê (Bộ)""]","[6644.9,6250.0,5247.0,3334.0,3119.5,2415.0,2335.2,2100.0,2089.0,1160.0]","[0.0,0.0,0.0,0.0,0.0,0.0,0.0,0.0,0.0,0.0]","[1.316803E8,8.3645E8,2.41362E8,1.53364E8,1.422405E8,8452500.0,4.58169E7,6300000.0,6192000.0,2668000.0]","[2.142455954E7,1.7395E8,3.41055E7,2.1671E7,1.663285614E7,4574078.5,6504911.97,4064351.0,4940855.93,2264058.0]","[""Bạt xanh gân sần CL - 150.36 (Mét)"",""Rồng TH - đỏ - 100 - 6M (Đường)"",""Lãi vay (tháng)"",""Máy Chang Chai Nhập Khẩu - S1110 - L1 - Cộc - KĐ (Chiếc)"",""Sên - Gang - Φ100 (Chiếc)"",""Máy Q.Chai nhập khẩu S1110 (Chiếc)"",""Máy Q.Chai S1115 NK cộc không đề (Chiếc)"",""Rồng đỏ TQ - Φ220 - 6M (Đường)"",""Sên crom 200 - 460 (Kg)"",""JOTAPRIME 500 ALUMINIUM 20L - Nhũ nhôm xám - 20L (Thùng)""]","[6250.0,708.0,2.0,37.0,454.0,39.0,30.0,20.0,5247.0,108.0]","[0.0,0.0,0.0,0.0,0.0,0.0,0.0,0.0,0.0,0.0]","[8.3645E8,6.948E8,3.8344E8,3.626E8,3.1419E8,2.992E8,2.535E8,2.46E8,2.41362E8,2.2465E8]","[1.7395E8,9.3E7,3.8344E8,4.202688177E7,4.7238E7,4.453E7,2.535E8,4.3392E7,3.41055E7,4.321E7]","[""Lãi vay (tháng)"",""Máy Q.Chai S1115 NK cộc không đề (Chiếc)"",""Bầu dầu + Bích ren 200CR TY (Bộ)"",""Bạt xanh gân sần CL - 150.36 (Mét)"",""CKDS năm 2024"",""Rồng TH - đỏ - 100 - 6M (Đường)"",""CKDS quý 4/2024"",""SEAFORCE SHIELD DARK RED 20L - Đỏ đậm - 20L (Thùng)"",""JOTAMASTIC 85 ALU.RT 20L - 20L - Nhũ nhôm đỏ (THÙNG)"",""CKSPCC quý 4/2024""]","[2.0,30.0,6.0,6250.0,1.0,708.0,1.0,12.0,30.0,1.0]","[0.0,0.0,0.0,0.0,0.0,0.0,0.0,0.0,0.0,0.0]","[3.8344E8,2.535E8,1.82E8,8.3645E8,1.61648489E8,6.948E8,8.6753428E7,8.4E7,7.23E7,5.5280936E7]","[3.8344E8,2.535E8,1.82E8,1.7395E8,1.61648489E8,9.3E7,8.6753428E7,8.4E7,7.23E7,5.5280936E7]","[""Túp 65*95 - QP - Đ"",""túp 83*132 (Mét)"",""Túp 80*112 - CD - Đ (Mét)"",""Bả nội ngoại thất Interior & Exterior Putty - 40KG (Bao)"",""PILOT II BLACK 5L - Đen - 5L (Thùng)"",""JOTUN THINNER NO.07 20L - KHÔNG MÀU - 20L (Thùng)"",""Co 1/2 TL (Chiếc)"",""Co 3/4 (Chiếc)"",""Ty ô 4 m ; C+T (Sợi)"",""Bầu dầu 120 HC (Bộ)""]","[0.1,0.2,0.5,0.55,1.0,1.0,1.0,1.0,1.0,1.0]","[0.0,0.0,0.0,0.0,0.0,0.0,0.0,0.0,0.0,0.0]","[70000.0,300000.0,475000.0,280500.0,526500.0,1300000.0,30000.0,30000.0,510000.0,2100000.0]","[27781.8,140000.0,475000.0,105601.12,-34500.0,179705.18,30000.0,30000.0,510000.0,2100000.0]","[""TANKGUARD HB CLASSIC COMPB 4L - KHÔNG MÀU - 4L (Thùng)"",""FUTURA CLASSIC COMPB 2L - KHÔNG MÀU - 2L (Thùng)"",""JOTAMASTIC 85 COMPB 4L - 4L - KHÔNG MÀU (THÙNG)"",""JOTACOTE N10 COMPB 5L - KHÔNG MÀU - 5L (Thùng)"",""SAFEGUARD UNI ES COMPB 3L - KHÔNG MÀU - 3L (Thùng)"",""PENGUARD COMPB 4L - KHÔNG MÀU - 4L (Thùng)"",""JOTAPRIME 500 COMPB 4L - KHÔNG MÀU - 4L (Thùng)"",""MUKI EPS COMPB 0,5L - KHÔNG MÀU - 0,5L (Thùng)"",""CVC Thuê ngoài"",""PENGUARD FC COMPB 4L - KHÔNG MÀU - 4L (Thùng)""]","[23.0,21.0,50.0,30.0,16.0,78.0,148.0,5.0,3.0,86.0]","[0.0,0.0,0.0,0.0,0.0,0.0,0.0,0.0,0.0,0.0]","[0.0,0.0,0.0,0.0,0.0,0.0,0.0,0.0,0.0,0.0]","[0.0,0.0,0.0,-1.64559999E7,0.0,-899452.22,-25285.8,0.0,-7500000.0,0.0]","[""JOTACOTE N10 COMPB 5L - KHÔNG MÀU - 5L (Thùng)"",""CVC TH - SHH (Chuyến)"",""CVC Thuê ngoài"",""PILOT II WHITE 20L - Trắng - 20L (Thùng)"",""Cước vận chuyển - Xe Chú Huân - VTT (Chuyến)"",""ALUMINIUM PAINT HR 20L - Nhũ nhôm xám - 20L (Thùng)"",""PILOT II STD 257 GREEN 19.67L (Thùng)"",""Cước vận chuyển - Xe Anh Phương - SHH (Chuyến)"",""Đẹp Nguyên Bản - A - 5L (Lon)"",""JOTAMASTIC 80 COMPB - 2,3L - KHÔNG MÀU (THÙNG)""]","[30.0,8.0,3.0,23.0,48.0,2.0,5.0,6.0,1.0,84.0]","[0.0,0.0,0.0,0.0,0.0,0.0,0.0,0.0,0.0,0.0]","[0.0,0.0,0.0,4.82885E7,2.56E7,6830600.0,1.0207255E7,0.0,1050000.0,0.0]","[-1.64559999E7,-8200000.0,-7500000.0,-4611500.0,-4528911.17,-1661400.0,-1594745.0,-1333333.38,-1275000.0,-1166132.52]","[""Hàng phụ tùng"",""Ống cao su"",""Gang thường - Gang Crom"",""Sơn hàng hải"",""Vật tư ngành nước"",""Lô chổi giấy giáp"",""Máy - bơm - củ phát"",""Dịch vụ"",""Sơn Trang Trí"",""Đồ Tuy ô TL""]","[26316.2,25849.630000000005,18234.5,1604.0,740.0,325.0,261.0,129.0,123.55,9.0]","[0.0,0.0,0.0,0.0,0.0,0.0,0.0,0.0,0.0,0.0]","[9.801497E8,3.10610026E9,2.60914E9,2.061780643E9,6.883E7,2675000.0,1.49219E9,6.68322982E8,1.66843E8,1450000.0]","[3.9031298914000005E8,5.525361020800003E8,7.332189932699999E8,4.7605593751000005E8,1.548769269E7,1075826.15,4.7673621649E8,4.2083675406E8,4.9054982419999994E7,1450000.0]","[""Ống cao su"",""Gang thường - Gang Crom"",""Sơn hàng hải"",""Máy - bơm - củ phát"",""Hàng phụ tùng"",""Dịch vụ"",""Sơn trang trí công nợ"",""Sơn Trang Trí"",""Vật tư ngành nước"",""Nhân công sản xuất""]","[25849.630000000005,18234.5,1604.0,261.0,26316.2,129.0,5.0,123.55,740.0,7.0]","[0.0,0.0,0.0,0.0,0.0,0.0,0.0,0.0,0.0,0.0]","[3.10610026E9,2.60914E9,2.061780643E9,1.49219E9,9.801497E8,6.68322982E8,3.63104262E8,1.66843E8,6.883E7,3897000.0]","[5.525361020800003E8,7.332189932699999E8,4.7605593751000005E8,4.7673621649E8,3.9031298914000005E8,4.2083675406E8,3.63104262E8,4.9054982419999994E7,1.548769269E7,3897000.0]","[""Gang thường - Gang Crom"",""Ống cao su"",""Máy - bơm - củ phát"",""Sơn hàng hải"",""Dịch vụ"",""Hàng phụ tùng"",""Sơn trang trí công nợ"",""Sơn Trang Trí"",""Vật tư ngành nước"",""Nhân công sản xuất""]","[18234.5,25849.630000000005,261.0,1604.0,129.0,26316.2,5.0,123.55,740.0,7.0]","[0.0,0.0,0.0,0.0,0.0,0.0,0.0,0.0,0.0,0.0]","[2.60914E9,3.10610026E9,1.49219E9,2.061780643E9,6.68322982E8,9.801497E8,3.63104262E8,1.66843E8,6.883E7,3897000.0]","[7.332189932699999E8,5.525361020800003E8,4.7673621649E8,4.7605593751000005E8,4.2083675406E8,3.9031298914000005E8,3.63104262E8,4.9054982419999994E7,1.548769269E7,3897000.0]","[""Sơn trang trí công nợ"",""Nhân công sản xuất"",""Đồ Tuy ô TL"",""Sơn Trang Trí"",""Dịch vụ"",""Máy - bơm - củ phát"",""Lô chổi giấy giáp"",""Vật tư ngành nước"",""Sơn hàng hải"",""Gang thường - Gang Crom""]","[5.0,7.0,9.0,123.55,129.0,261.0,325.0,740.0,1604.0,18234.5]","[0.0,0.0,0.0,0.0,0.0,0.0,0.0,0.0,0.0,0.0]","[3.63104262E8,3897000.0,1450000.0,1.66843E8,6.68322982E8,1.49219E9,2675000.0,6.883E7,2.061780643E9,2.60914E9]","[3.63104262E8,3897000.0,1450000.0,4.9054982419999994E7,4.2083675406E8,4.7673621649E8,1075826.15,1.548769269E7,4.7605593751000005E8,7.332189932699999E8]","[""Đồ Tuy ô TL"",""Lô chổi giấy giáp"",""Nhân công sản xuất"",""Vật tư ngành nước"",""Sơn Trang Trí"",""Sơn trang trí công nợ"",""Dịch vụ"",""Hàng phụ tùng"",""Máy - bơm - củ phát"",""Sơn hàng hải""]","[9.0,325.0,7.0,740.0,123.55,5.0,129.0,26316.2,261.0,1604.0]","[0.0,0.0,0.0,0.0,0.0,0.0,0.0,0.0,0.0,0.0]","[1450000.0,2675000.0,3897000.0,6.883E7,1.66843E8,3.63104262E8,6.68322982E8,9.801497E8,1.49219E9,2.061780643E9]","[1450000.0,1075826.15,3897000.0,1.548769269E7,4.9054982419999994E7,3.63104262E8,4.2083675406E8,3.9031298914000005E8,4.7673621649E8,4.7605593751000005E8]","[""Lô chổi giấy giáp"",""Đồ Tuy ô TL"",""Nhân công sản xuất"",""Vật tư ngành nước"",""Sơn Trang Trí"",""Sơn trang trí công nợ"",""Hàng phụ tùng"",""Dịch vụ"",""Sơn hàng hải"",""Máy - bơm - củ phát""]","[325.0,9.0,7.0,740.0,123.55,5.0,26316.2,129.0,1604.0,261.0]","[0.0,0.0,0.0,0.0,0.0,0.0,0.0,0.0,0.0,0.0]","[2675000.0,1450000.0,3897000.0,6.883E7,1.66843E8,3.63104262E8,9.801497E8,6.68322982E8,2.061780643E9,1.49219E9]","[1075826.15,1450000.0,3897000.0,1.548769269E7,4.9054982419999994E7,3.63104262E8,3.9031298914000005E8,4.2083675406E8,4.7605593751000005E8,4.7673621649E8]",tháng trước
