run_date,retailer_id,branch_id,timeframe_start,timeframe_end,timeframe_type,num_day,num_day_sell,top_channel,net_revenue_top_channel,percentage_net_revenue_top_channel,num_invoice_sell,total_revenue,total_return_revenue,net_revenue,total_cost,gross_profit,num_invoice_sell_per_day,revenue_per_day,total_return_revenue_per_day,net_revenue_per_day,total_cost_per_day,gross_profit_per_day,bs_category_rev_name_rev,bs_group_revenue,bs_group_revenue_per_inv,bs_category_re_name,bs_group_re_quantity,bs_group_re_revenue,bs_group_return_percent,bs_group_net_rev_name,bs_group_net_revenue,bs_group_net_revenue_per_invoice,bs_group_profit_name,bs_group_profit,bs_group_profit_per_invoice,bs_group_profit_margin,bs_group_inv_name,bs_group_nob_inv,bs_product_rev_name,bs_product_revenue,bs_product_revenue_per_inv,bs_product_re_name,bs_product_re_quantity,bs_product_re_revenue,bs_product_return_percent,bs_product_net_rev_name,bs_product_net_revenue,bs_product_net_revenue_per_invoice,bs_product_profit_name,bs_product_profit,bs_product_profit_per_invoice,bs_product_profit_margin,bs_product_inv_name,bs_product_nob_inv,bs_channel_rev_name,bs_channel_revenue,bs_channel_revenue_per_inv,bs_channel_re_name,bs_channel_re_quantity,bs_channel_re_revenue,bs_channel_return_percent,bs_channel_net_rev_name,bs_channel_net_revenue,bs_channel_net_revenue_per_invoice,bs_channel_profit_name,bs_channel_profit,bs_channel_profit_per_invoice,bs_channel_profit_margin,bs_channel_inv_name,bs_channel_nob_inv,num_types,actual_sold,avg_net_rev_per_product,avg_profit_per_product,new_product_net_revenue,pd_group_quan_name,pd_group_quan_by_quan,pd_group_re_quantity_by_quan,pd_group_net_rev_by_quan,pd_group_profit_by_quan,pd_group_net_rev_name,pd_group_quantity_by_net_rev,pd_group_re_quantity_by_net_rev,pd_group_net_revenue_by_net_rev,pd_group_profit_by_net_rev,pd_group_profit_name,pd_group_quantity_by_profit,pd_group_re_quantity_by_profit,pd_group_net_rev_by_profit,pd_group_profit_by_profit,pd_group_quan_name_lst,pd_group_quan_by_quan_lst,pd_group_re_quantity_by_quan_lst,pd_group_net_rev_by_quan_lst,pd_group_profit_by_quan_lst,pd_group_rev_name_lst,pd_group_quan_by_rev_lst,pd_group_re_quantity_by_rev_lst,pd_group_net_rev_by_rev_lst,pd_group_profit_by_rev_lst,pd_group_profit_name_lst,pd_group_quan_by_profit_lst,pd_group_re_quantity_by_profit_lst,pd_group_net_rev_by_profit_lst,pd_group_profit_by_profit_lst,pd_product_quan_name,pd_product_quan_by_quan,pd_product_re_quantity_by_quan,pd_product_net_rev_by_quan,pd_product_profit_by_quan,pd_product_net_rev_name,pd_product_quantity_by_net_rev,pd_product_re_quantity_by_net_rev,pd_product_net_revenue_by_net_rev,pd_product_profit_by_net_rev,pd_product_profit_name,pd_product_quantity_by_profit,pd_product_re_quantity_by_profit,pd_product_net_rev_by_profit,pd_product_profit_by_profit,pd_product_quan_name_lst,pd_product_quan_by_quan_lst,pd_product_re_quantity_by_quan_lst,pd_product_net_rev_by_quan_lst,pd_product_profit_by_quan_lst,pd_product_rev_name_lst,pd_product_quan_by_rev_lst,pd_product_re_quantity_by_rev_lst,pd_product_net_rev_by_rev_lst,pd_product_profit_by_rev_lst,pd_product_profit_name_lst,pd_product_quan_by_profit_lst,pd_product_re_quantity_by_profit_lst,pd_product_net_rev_by_profit_lst,pd_product_profit_by_profit_lst,avg_order_value,total_customer,repurchase_rate,group_customer_type,num_customer_type,customer_type_ratio,revenue_customer_type,revenue_customer_type_ratio,sale_channels,num_customer_new_array,num_customer_old_array,num_customer_unknown_array,grouping_customer_top10_revenue,revenue_group_customer,revenue_per_invoice_group_customer,grouping_customer_top10_num_return,num_return_group_customer,return_value_group_customer,return_rate_group_customer,grouping_customer_top10_net_revenue,net_revenue_group_customer,net_revenue_per_invoice_group_customer,grouping_customer_top10_profit,profit_group_customer,profit_per_invoice_group_customer,profit_margin_group_customer,grouping_customer_top10_num_invoice,num_invoice_group_customer,customer_gender,num_customer_gender,customer_ratio_gender,group_customer_age,num_customer_age,customer_ratio_age
2025-04-21,541173,32600,2025-04-01,2025-04-21,tháng này,20,20,261856,4899138592.0,84.9298,36916,5886563322.0,118106360.0,5768456962.0,4461478652.042227,1306978309.9577754,1845.8,294328166.1,5905318.0,288422848.1,223073932.6021113,65348915.497888766,"[""Dược Mỹ Phẩm"",""Mỹ Phẩm"",""Thuốc"",""Skincare"",""VẬT TƯ""]","[4328819849,778371311,757694759,17501403,4176000]","[155685,85979,128271,44991,122824]","[""Dược Mỹ Phẩm"",""Thuốc"",""Mỹ Phẩm"",""Skincare""]","[507,180,270,5]","[75403835,21392000,21149953,160572]","[1.69,2.82,2.72,0.96]","[""Dược Mỹ Phẩm"",""Mỹ Phẩm"",""Thuốc"",""Skincare"",""VẬT TƯ""]","[4253416014,757221358,736302759,17340831,4176000]","[152973,83643,124649,44578,122824]","[""Dược Mỹ Phẩm"",""Thuốc"",""Mỹ Phẩm"",""VẬT TƯ"",""Skincare""]","[973016862,163681193,162281424,4176000,3822831]","[34994,27710,17926,122824,9827]","[22,22,21,100,22]","[""Dược Mỹ Phẩm"",""Mỹ Phẩm"",""Thuốc"",""Skincare"",""VẬT TƯ""]","[27805,9053,5907,389,34]","[""TRẮNG ADVANCED NOURISH - Sữa rửa mặt HADA LABO dưỡng ẩm 80G"",""Nước tẩy trang JMSolution Water Luminous SOS Ringer Cleansing Water Black 850ml"",""Derma forte ADCANCED"",""Drceutics Nước Tẩy Trang Ultra-mild OLIVE Cleansing Water 500ml"",""Megaduo Gel - Bản Thường 15g"",""Sữa rửa mặt Farmona Dermacos"",""Megaduo - BẢN PLUS 15g"",""Nhũ tương mượt da toàn thân Ziaja"",""Derma forte (bản thường)"",""XANH ANCE CARE DA MỤN - Sữa rửa mặt HADA LABO 80G""]","[294535104,240677723,200409629,194127605,189007405,161356277,157145938,153386545,144683438,143961890]","[77734,166674,121830,157699,134238,320788,148111,392293,112332,89976]","[""TRẮNG ADVANCED NOURISH - Sữa rửa mặt HADA LABO dưỡng ẩm 80G"",""Derma forte ADCANCED"",""XANH TRẮNG DA PERFECT WHITE - Sữa rửa mặt HADA LABO Tranexemic Acid Cleanser 80G"",""Drceutics Nước Tẩy Trang Ultra-mild OLIVE Cleansing Water 500ml"",""Megaduo Gel - Bản Thường 15g"",""XANH ANCE CARE DA MỤN - Sữa rửa mặt HADA LABO 80G"",""Megaduo - BẢN PLUS 15g"",""Derma forte (bản thường)"",""ĐỎ PRO ANTI AGING - Sữa rửa mặt HADA LABO 80G"",""Nước tẩy trang JMSolution Water Luminous SOS Ringer Cleansing Water Black 500ml""]","[105,61,59,32,38,51,30,35,39,23]","[7259000,6899000,4921000,4887675,4803000,4261453,4246000,3620000,3251000,2881000]","[2.46,3.42,3.5,2.53,2.52,2.95,2.69,2.52,3.15,2.56]","[""TRẮNG ADVANCED NOURISH - Sữa rửa mặt HADA LABO dưỡng ẩm 80G"",""Nước tẩy trang JMSolution Water Luminous SOS Ringer Cleansing Water Black 850ml"",""Derma forte ADCANCED"",""Drceutics Nước Tẩy Trang Ultra-mild OLIVE Cleansing Water 500ml"",""Megaduo Gel - Bản Thường 15g"",""Sữa rửa mặt Farmona Dermacos"",""Megaduo - BẢN PLUS 15g"",""Nhũ tương mượt da toàn thân Ziaja"",""Derma forte (bản thường)"",""XANH ANCE CARE DA MỤN - Sữa rửa mặt HADA LABO 80G""]","[287276104,239405723,193510629,189239930,184204405,160100277,152899938,151809545,141063438,139700437]","[75818,165793,117636,153729,130827,318291,144109,388260,109521,87313]","[""Nước tẩy trang JMSolution Water Luminous SOS Ringer Cleansing Water Black 850ml"",""Drceutics Nước Tẩy Trang Ultra-mild OLIVE Cleansing Water 500ml"",""TRẮNG ADVANCED NOURISH - Sữa rửa mặt HADA LABO dưỡng ẩm 80G"",""Derma forte ADCANCED"",""XANH TRẮNG DA PERFECT WHITE - Sữa rửa mặt HADA LABO Tranexemic Acid Cleanser 80G"",""Derma forte (bản thường)"",""Megaduo - BẢN PLUS 15g"",""Megaduo Gel - Bản Thường 15g"",""XANH ANCE CARE DA MỤN - Sữa rửa mặt HADA LABO 80G"",""Nước tẩy trang JMSOLUTION DERMA CARE CENTELLA CLEANSING WATER Clear 500ml""]","[67427723,48801230,48674274,46757517,34628652,31681902,31379938,30521485,29649249,29048592]","[46695,39644,12846,28424,21931,24598,29576,21677,18531,28285]","[28,25,16,24,25,22,20,16,21,22]","[""TRẮNG ADVANCED NOURISH - Sữa rửa mặt HADA LABO dưỡng ẩm 80G"",""Derma forte ADCANCED"",""XANH ANCE CARE DA MỤN - Sữa rửa mặt HADA LABO 80G"",""XANH TRẮNG DA PERFECT WHITE - Sữa rửa mặt HADA LABO Tranexemic Acid Cleanser 80G"",""Nước tẩy trang JMSolution Water Luminous SOS Ringer Cleansing Water Black 850ml"",""Megaduo Gel - Bản Thường 15g"",""Derma forte (bản thường)"",""Drceutics Nước Tẩy Trang Ultra-mild OLIVE Cleansing Water 500ml"",""ĐỎ PRO ANTI AGING - Sữa rửa mặt HADA LABO 80G"",""Bông tẩy trang LIKADO 222 miếng""]","[3789,1645,1600,1579,1444,1408,1288,1231,1133,1068]","[""Dr Thêm Official Store"",""Mila Cosmetics Store"",""Dr Thêm"",""SC1""]","[5001621852,503292770,373105700,8543000]","[154185,371160,121771,149877]","[""Dr Thêm Official Store"",""Dr Thêm"",""Mila Cosmetics Store""]","[871,68,23]","[102483260,8294900,7328200]","[2,1,1]","[""Dr Thêm Official Store"",""Mila Cosmetics Store"",""Dr Thêm"",""SC1""]","[4899138592,495964570,364810800,8543000]","[151026,365756,119064,149877]","[""Dr Thêm Official Store"",""Dr Thêm"",""Mila Cosmetics Store""]","[1160518573,93516351,53903320]","[35775,30521,39752]","[23,25,10]","[""Dr Thêm Official Store"",""Dr Thêm"",""Mila Cosmetics Store"",""SC1""]","[32439,3064,1356,57]",472,45977,125464,28427,0,"[""Dược Mỹ Phẩm"",""Mỹ Phẩm"",""Thuốc"",""Skincare"",""VẬT TƯ""]","[30087,9921,6375,522,34]","[507,270,180,5,0]","[4253416014,757221358,736302759,17340831,4176000]","[973016862,162281424,163681193,3822831,4176000]","[""Dược Mỹ Phẩm"",""Mỹ Phẩm"",""Thuốc"",""Skincare"",""VẬT TƯ""]","[30087,9921,6375,522,34]","[507,270,180,5,0]","[4253416014,757221358,736302759,17340831,4176000]","[973016862,162281424,163681193,3822831,4176000]","[""Dược Mỹ Phẩm"",""Thuốc"",""Mỹ Phẩm"",""VẬT TƯ"",""Skincare""]","[30087,6375,9921,34,522]","[507,180,270,0,5]","[4253416014,736302759,757221358,4176000,17340831]","[973016862,163681193,162281424,4176000,3822831]","[""VẬT TƯ"",""Skincare"",""Thuốc"",""Mỹ Phẩm"",""Dược Mỹ Phẩm""]","[34,522,6375,9921,30087]","[0,5,180,270,507]","[4176000,17340831,736302759,757221358,4253416014]","[4176000,3822831,163681193,162281424,973016862]","[""VẬT TƯ"",""Skincare"",""Thuốc"",""Mỹ Phẩm"",""Dược Mỹ Phẩm""]","[34,522,6375,9921,30087]","[0,5,180,270,507]","[4176000,17340831,736302759,757221358,4253416014]","[4176000,3822831,163681193,162281424,973016862]","[""Skincare"",""VẬT TƯ"",""Mỹ Phẩm"",""Thuốc"",""Dược Mỹ Phẩm""]","[522,34,9921,6375,30087]","[5,0,270,180,507]","[17340831,4176000,757221358,736302759,4253416014]","[3822831,4176000,162281424,163681193,973016862]","[""TRẮNG ADVANCED NOURISH - Sữa rửa mặt HADA LABO dưỡng ẩm 80G"",""Derma forte ADCANCED"",""XANH ANCE CARE DA MỤN - Sữa rửa mặt HADA LABO 80G"",""XANH TRẮNG DA PERFECT WHITE - Sữa rửa mặt HADA LABO Tranexemic Acid Cleanser 80G"",""Nước tẩy trang JMSolution Water Luminous SOS Ringer Cleansing Water Black 850ml"",""Megaduo Gel - Bản Thường 15g"",""Bông tẩy trang LIKADO 222 miếng"",""Derma forte (bản thường)"",""Drceutics Nước Tẩy Trang Ultra-mild OLIVE Cleansing Water 500ml"",""ĐỎ PRO ANTI AGING - Sữa rửa mặt HADA LABO 80G""]","[4264,1782,1727,1684,1516,1505,1438,1389,1265,1240]","[105,61,51,59,8,38,16,35,32,39]","[287276104,193510629,139700437,135420322,239405723,184204405,45118284,141063438,189239930,100019907]","[48674274,46757517,29649249,34628652,67427723,30521485,15938844,31681902,48801230,24356907]","[""TRẮNG ADVANCED NOURISH - Sữa rửa mặt HADA LABO dưỡng ẩm 80G"",""Nước tẩy trang JMSolution Water Luminous SOS Ringer Cleansing Water Black 850ml"",""Derma forte ADCANCED"",""Drceutics Nước Tẩy Trang Ultra-mild OLIVE Cleansing Water 500ml"",""Megaduo Gel - Bản Thường 15g"",""Sữa rửa mặt Farmona Dermacos"",""Megaduo - BẢN PLUS 15g"",""Nhũ tương mượt da toàn thân Ziaja"",""Derma forte (bản thường)"",""XANH ANCE CARE DA MỤN - Sữa rửa mặt HADA LABO 80G""]","[287276104,239405723,193510629,189239930,184204405,160100277,152899938,151809545,141063438,139700437]","[105,8,61,32,38,4,30,4,35,51]","[287276104,239405723,193510629,189239930,184204405,160100277,152899938,151809545,141063438,139700437]","[48674274,67427723,46757517,48801230,30521485,8214677,31379938,7971545,31681902,29649249]","[""Nước tẩy trang JMSolution Water Luminous SOS Ringer Cleansing Water Black 850ml"",""Drceutics Nước Tẩy Trang Ultra-mild OLIVE Cleansing Water 500ml"",""TRẮNG ADVANCED NOURISH - Sữa rửa mặt HADA LABO dưỡng ẩm 80G"",""Derma forte ADCANCED"",""XANH TRẮNG DA PERFECT WHITE - Sữa rửa mặt HADA LABO Tranexemic Acid Cleanser 80G"",""Derma forte (bản thường)"",""Megaduo - BẢN PLUS 15g"",""Megaduo Gel - Bản Thường 15g"",""XANH ANCE CARE DA MỤN - Sữa rửa mặt HADA LABO 80G"",""Nước tẩy trang JMSOLUTION DERMA CARE CENTELLA CLEANSING WATER Clear 500ml""]","[1516,1265,4264,1782,1684,1389,1115,1505,1727,1044]","[8,32,105,61,59,35,30,38,51,8]","[239405723,189239930,287276104,193510629,135420322,141063438,152899938,184204405,139700437,131612592]","[67427723,48801230,48674274,46757517,34628652,31681902,31379938,30521485,29649249,29048592]","[""Tinh Chất Lô Hội Tái Tạo Liền Sẹo Perfecta Face Mask Elixir Serum 100% Aloe Vera Juice"",""Quà Tặng - Gương Cầm Tay Benzac"",""Sữa rửa mặt Cetaphil Oily Skin Cleanser 500ml"",""Tinh chất dưỡng ẩm Klairs Rich Moist Soothing Serum"",""Son Dưỡng Môi Uriage STICK LÈVRES HYDRATANT 4g"",""Dầu Gội Khô Batiste Dry Shampoo - VOLUME - Làm Phồng Tóc 200ml"",""Sữa rửa mặt dạng gel Garnier 2% [BHA, Vitamin C] cho da dầu mụn 120ml"",""TSUBAKI Combo (GỘI+XẢ) - ĐEN 2x490ml"",""Nước tẩy trang dịu nhẹ TOPICREM HYDRA+ GENTLE MICELLAR WATER 200ml"",""Mặt Nạ Tẩy Tế Bào Chết Ziaja Manuka Tree Purifying Deeply Cleansing Peeling Paste 75ml""]","[1,1,1,1,1,1,1,1,1,1]","[0,0,0,0,0,0,1,0,1,0]","[260100,0,425000,325000,184000,162000,0,259000,13000,251924]","[30100,-1000,59000,88214,45000,84000,0,-27998,13000,135434]",,,,,,,,,,,159457.27854549,35812,99.24,"[0,1,2]","[14833,20969,10]","[41.42,58.55,0.03]","[2756049692.00000000,3128880630.00000000,1633000.00000000]","[46.82,53.15,0.03]","[""Dr Thêm Official Store"",""Dr Thêm"",""Mila Cosmetics Store"",""Kênh trực tiếp""]","[17528,2739,702,12]","[13951,292,575,28]","[6,2,1,1]","[""undefined""]",[5886563322],[159458],"[""undefined""]",[962.0],[118106360],[2.05],"[""undefined""]",[5768456962],[156258],"[""undefined""]",[1306978309],[35404],[441.36],"[""undefined""]",[36916],"[0,2]","[35772,30]","[99.92,0.08]",[0],[35802],[100.0]
2025-04-21,541173,32600,2025-03-01,2025-04-01,tháng trước,31,31,261856,8314120058.0,86.2171,62682,9839873188.0,196633650.0,9643239538.0,7330351876.073822,2312887661.926154,2022.0,317415264.12903225,6343020.967742,311072243.16129,236462963.74431685,74609279.41697271,"[""Dược Mỹ Phẩm"",""Mỹ Phẩm"",""Thuốc"",""Skincare"",""VẬT TƯ""]","[7293864851,1324618298,1182171893,30348945,8869200]","[144430,85283,129809,42866,233400]","[""Dược Mỹ Phẩm"",""Mỹ Phẩm"",""Thuốc"",""Skincare""]","[1037,438,278,4]","[129104231,34426122,32971297,132000]","[1.87,2.59,2.8,0.42]","[""Dược Mỹ Phẩm"",""Mỹ Phẩm"",""Thuốc"",""Skincare"",""VẬT TƯ""]","[7164760620,1290192176,1149200596,30216945,8869200]","[141874,83067,126189,42679,233400]","[""Dược Mỹ Phẩm"",""Mỹ Phẩm"",""Thuốc"",""VẬT TƯ"",""Skincare""]","[1746825441,291267982,260248093,8869200,5676945]","[34590,18753,28577,233400,8018]","[24,22,22,100,18]","[""Dược Mỹ Phẩm"",""Mỹ Phẩm"",""Thuốc"",""Skincare"",""VẬT TƯ""]","[50501,15532,9107,708,38]","[""TRẮNG ADVANCED NOURISH - Sữa rửa mặt HADA LABO dưỡng ẩm 80G"",""Drceutics Nước Tẩy Trang Ultra-mild OLIVE Cleansing Water 500ml"",""Derma forte ADCANCED"",""Nước tẩy trang JMSolution Water Luminous SOS Ringer Cleansing Water Black 850ml"",""Megaduo Gel - Bản Thường 15g"",""Megaduo - BẢN PLUS 15g"",""XANH TRẮNG DA PERFECT WHITE - Sữa rửa mặt HADA LABO Tranexemic Acid Cleanser 80G"",""XANH ANCE CARE DA MỤN - Sữa rửa mặt HADA LABO 80G"",""55g - Kem chống nắng Sunplay Skin Aqua Clear White"",""Derma forte (bản thường)""]","[467535719,388422361,316019935,285402070,274975642,261961328,244152294,243890879,226143166,217655196]","[77189,157192,120480,167293,137902,151686,88783,88752,171061,113421]","[""TRẮNG ADVANCED NOURISH - Sữa rửa mặt HADA LABO dưỡng ẩm 80G"",""Derma forte ADCANCED"",""Megaduo Gel - Bản Thường 15g"",""Drceutics Nước Tẩy Trang Ultra-mild OLIVE Cleansing Water 500ml"",""XANH ANCE CARE DA MỤN - Sữa rửa mặt HADA LABO 80G"",""XANH TRẮNG DA PERFECT WHITE - Sữa rửa mặt HADA LABO Tranexemic Acid Cleanser 80G"",""FOAMING 236ml - Da Dầu - Sữa rửa mặt Cerave Foaming Cleanser 236mlml"",""Megaduo - BẢN PLUS 15g"",""Derma forte (bản thường)"",""55g - Kem chống nắng Sunplay Skin Aqua Clear White""]","[168,83,65,53,96,82,22,45,60,34]","[11598569,9313760,8356537,8109000,7973000,6804000,6553203,6411000,6125000,5528100]","[2.48,2.96,3.04,2.08,3.27,2.79,3.44,2.45,2.82,2.46]","[""TRẮNG ADVANCED NOURISH - Sữa rửa mặt HADA LABO dưỡng ẩm 80G"",""Drceutics Nước Tẩy Trang Ultra-mild OLIVE Cleansing Water 500ml"",""Derma forte ADCANCED"",""Nước tẩy trang JMSolution Water Luminous SOS Ringer Cleansing Water Black 850ml"",""Megaduo Gel - Bản Thường 15g"",""Megaduo - BẢN PLUS 15g"",""XANH TRẮNG DA PERFECT WHITE - Sữa rửa mặt HADA LABO Tranexemic Acid Cleanser 80G"",""XANH ANCE CARE DA MỤN - Sữa rửa mặt HADA LABO 80G"",""55g - Kem chống nắng Sunplay Skin Aqua Clear White"",""Derma forte (bản thường)""]","[455937150,380313361,306706175,281679310,266619105,255550328,237348294,235917879,220615066,211530196]","[75274,153911,116930,165111,133711,147974,86308,85851,166880,110229]","[""Drceutics Nước Tẩy Trang Ultra-mild OLIVE Cleansing Water 500ml"",""TRẮNG ADVANCED NOURISH - Sữa rửa mặt HADA LABO dưỡng ẩm 80G"",""Derma forte ADCANCED"",""XANH TRẮNG DA PERFECT WHITE - Sữa rửa mặt HADA LABO Tranexemic Acid Cleanser 80G"",""Nước tẩy trang JMSolution Water Luminous SOS Ringer Cleansing Water Black 850ml"",""Megaduo - BẢN PLUS 15g"",""55g - Kem chống nắng Sunplay Skin Aqua Clear White"",""XANH ANCE CARE DA MỤN - Sữa rửa mặt HADA LABO 80G"",""Megaduo Gel - Bản Thường 15g"",""ĐỎ PRO ANTI AGING - Sữa rửa mặt HADA LABO 80G""]","[96816261,77180410,74339975,72551434,72399310,54622328,53619066,49434959,49346865,46420485]","[39181,12742,28342,26382,42438,31628,40559,17989,24748,22264]","[25,16,24,30,25,21,24,20,18,25]","[""TRẮNG ADVANCED NOURISH - Sữa rửa mặt HADA LABO dưỡng ẩm 80G"",""XANH TRẮNG DA PERFECT WHITE - Sữa rửa mặt HADA LABO Tranexemic Acid Cleanser 80G"",""XANH ANCE CARE DA MỤN - Sữa rửa mặt HADA LABO 80G"",""Derma forte ADCANCED"",""Drceutics Nước Tẩy Trang Ultra-mild OLIVE Cleansing Water 500ml"",""Quà tặng - Perfecta Kem đêm siêu nhẹ kiềm dầu mụn da ngừa mụn giảm sẹo thâm 50ml"",""ĐỎ PRO ANTI AGING - Sữa rửa mặt HADA LABO 80G"",""Megaduo Gel - Bản Thường 15g"",""Bông tẩy trang LIKADO 222 miếng"",""Derma forte (bản thường)""]","[6057,2750,2748,2623,2471,2441,2085,1994,1978,1919]","[""Dr Thêm Official Store"",""Dr Thêm"",""Mila Cosmetics Store"",""SC1"",""SỈ""]","[8486618908,675909140,596978240,80346900,20000]","[152243,127314,384651,1057196,20000]","[""Dr Thêm Official Store"",""Dr Thêm"",""Mila Cosmetics Store""]","[1581,131,45]","[172498850,15156040,8978760]","[2,2,1]","[""Dr Thêm Official Store"",""Dr Thêm"",""Mila Cosmetics Store"",""SC1"",""SỈ""]","[8314120058,660753100,587999480,80346900,20000]","[149148,124459,378866,1057196,20000]","[""Dr Thêm Official Store"",""Dr Thêm"",""Mila Cosmetics Store"",""SC1""]","[2040403995,171401319,86933888,14148460]","[36603,32285,56014,186164]","[24,25,14,17]","[""Dr Thêm Official Store"",""Dr Thêm"",""Mila Cosmetics Store"",""SC1"",""SỈ""]","[55744,5309,1552,76,1]",505,81445,118402,28398,190000,"[""Dược Mỹ Phẩm"",""Mỹ Phẩm"",""Thuốc"",""Skincare"",""VẬT TƯ""]","[55393,16901,9917,944,47]","[1037,438,278,4,0]","[7164760620,1290192176,1149200596,30216945,8869200]","[1746825441,291267982,260248093,5676945,8869200]","[""Dược Mỹ Phẩm"",""Mỹ Phẩm"",""Thuốc"",""Skincare"",""VẬT TƯ""]","[55393,16901,9917,944,47]","[1037,438,278,4,0]","[7164760620,1290192176,1149200596,30216945,8869200]","[1746825441,291267982,260248093,5676945,8869200]","[""Dược Mỹ Phẩm"",""Mỹ Phẩm"",""Thuốc"",""VẬT TƯ"",""Skincare""]","[55393,16901,9917,47,944]","[1037,438,278,0,4]","[7164760620,1290192176,1149200596,8869200,30216945]","[1746825441,291267982,260248093,8869200,5676945]","[""VẬT TƯ"",""Skincare"",""Thuốc"",""Mỹ Phẩm"",""Dược Mỹ Phẩm""]","[47,944,9917,16901,55393]","[0,4,278,438,1037]","[8869200,30216945,1149200596,1290192176,7164760620]","[8869200,5676945,260248093,291267982,1746825441]","[""VẬT TƯ"",""Skincare"",""Thuốc"",""Mỹ Phẩm"",""Dược Mỹ Phẩm""]","[47,944,9917,16901,55393]","[0,4,278,438,1037]","[8869200,30216945,1149200596,1290192176,7164760620]","[8869200,5676945,260248093,291267982,1746825441]","[""Skincare"",""VẬT TƯ"",""Thuốc"",""Mỹ Phẩm"",""Dược Mỹ Phẩm""]","[944,47,9917,16901,55393]","[4,0,278,438,1037]","[30216945,8869200,1149200596,1290192176,7164760620]","[5676945,8869200,260248093,291267982,1746825441]","[""TRẮNG ADVANCED NOURISH - Sữa rửa mặt HADA LABO dưỡng ẩm 80G"",""XANH TRẮNG DA PERFECT WHITE - Sữa rửa mặt HADA LABO Tranexemic Acid Cleanser 80G"",""XANH ANCE CARE DA MỤN - Sữa rửa mặt HADA LABO 80G"",""Derma forte ADCANCED"",""Bông tẩy trang LIKADO 222 miếng"",""Drceutics Nước Tẩy Trang Ultra-mild OLIVE Cleansing Water 500ml"",""Quà tặng - Perfecta Kem đêm siêu nhẹ kiềm dầu mụn da ngừa mụn giảm sẹo thâm 50ml"",""ĐỎ PRO ANTI AGING - Sữa rửa mặt HADA LABO 80G"",""Megaduo Gel - Bản Thường 15g"",""Derma forte (bản thường)""]","[6770,2940,2936,2808,2633,2542,2479,2232,2139,2130]","[168,82,96,83,32,53,45,46,65,60]","[455937150,237348294,235917879,306706175,79550934,380313361,20000,184137485,266619105,211530196]","[77180410,72551434,49434959,74339975,26178414,96816261,-2414000,46420485,49346865,44307316]","[""TRẮNG ADVANCED NOURISH - Sữa rửa mặt HADA LABO dưỡng ẩm 80G"",""Drceutics Nước Tẩy Trang Ultra-mild OLIVE Cleansing Water 500ml"",""Derma forte ADCANCED"",""Nước tẩy trang JMSolution Water Luminous SOS Ringer Cleansing Water Black 850ml"",""Megaduo Gel - Bản Thường 15g"",""Megaduo - BẢN PLUS 15g"",""XANH TRẮNG DA PERFECT WHITE - Sữa rửa mặt HADA LABO Tranexemic Acid Cleanser 80G"",""XANH ANCE CARE DA MỤN - Sữa rửa mặt HADA LABO 80G"",""55g - Kem chống nắng Sunplay Skin Aqua Clear White"",""Derma forte (bản thường)""]","[455937150,380313361,306706175,281679310,266619105,255550328,237348294,235917879,220615066,211530196]","[168,53,83,23,65,45,82,96,34,60]","[455937150,380313361,306706175,281679310,266619105,255550328,237348294,235917879,220615066,211530196]","[77180410,96816261,74339975,72399310,49346865,54622328,72551434,49434959,53619066,44307316]","[""Drceutics Nước Tẩy Trang Ultra-mild OLIVE Cleansing Water 500ml"",""TRẮNG ADVANCED NOURISH - Sữa rửa mặt HADA LABO dưỡng ẩm 80G"",""Derma forte ADCANCED"",""XANH TRẮNG DA PERFECT WHITE - Sữa rửa mặt HADA LABO Tranexemic Acid Cleanser 80G"",""Nước tẩy trang JMSolution Water Luminous SOS Ringer Cleansing Water Black 850ml"",""Megaduo - BẢN PLUS 15g"",""55g - Kem chống nắng Sunplay Skin Aqua Clear White"",""XANH ANCE CARE DA MỤN - Sữa rửa mặt HADA LABO 80G"",""Megaduo Gel - Bản Thường 15g"",""ĐỎ PRO ANTI AGING - Sữa rửa mặt HADA LABO 80G""]","[2542,6770,2808,2940,1767,1839,1383,2936,2139,2232]","[53,168,83,82,23,45,34,96,65,46]","[380313361,455937150,306706175,237348294,281679310,255550328,220615066,235917879,266619105,184137485]","[96816261,77180410,74339975,72551434,72399310,54622328,53619066,49434959,49346865,46420485]","[""Serum URIAGE URIAGE BARIÉDERM-CICA DAILY SERUM 30ml"",""Kem làm dịu và phòng ngừa hăm tã Cetaphil Baby Diaper Cream với hoa cúc Calendula hữu cơ 70g"",""Kem chống nắng Cetaphil Baby Sun Kids 150ml"",""Gel rửa mặt cho da dầu mụn TOPICREM AC Purifying Cleansing Gel 200ml"",""Xịt chống nắng Anessa Perfect UV Sunscreen Skincare Spray 60g 10118524202VN"",""Kem dưỡng Dear, Klairs Midnight Blue Calming Cream 30ml"",""Dầu Gội Giúp Giảm Và Ngăn ngừa Rụng Tóc Ducray Anaphase+ Shampoo 200ml"",""Xịt Khoáng Dưỡng Ẩm, Cân Bằng, Làm Dịu Và Bảo Vệ Da URIAGE THERMAL WATER 150ml"",""Quà Tặng - Gương Cầm Tay Benzac"",""Gel dưỡng ẩm Uriage Bariederm CICA DAILY Gel - Cream 40ml""]","[1,1,1,1,1,1,1,1,1,1]","[0,0,0,0,0,0,0,0,0,0]","[790000,209000,525000,310000,209000,355000,415000,280000,0,465000]","[181700,41620,98000,89500,59000,95929,111850,59500,-1000,118500]",,,,,,,,,,,156981.20882592,60118,99.68,"[0,1,2]","[22970,37145,3]","[38.21,61.79,0.0]","[4335924920.00000000,5503500268.00000000,448000.00000000]","[44.06,55.93,0.00]","[""Dr Thêm Official Store"",""Dr Thêm"",""Mila Cosmetics Store"",""Kênh trực tiếp"",""SỈ""]","[31523,4859,754,14,0]","[21906,347,700,36,1]","[3,0,0,0,0]","[""undefined""]",[9839873188],[156980],"[""undefined""]",[1757.0],[196633650],[2.11],"[""undefined""]",[9643239538],[153843],"[""undefined""]",[2312887661],[36898],[416.94],"[""undefined""]",[62682],"[0,1,2]","[60079,5,31]","[99.94,0.01,0.05]",[0],[60115],[100.0]
2025-04-21,541173,32600,2025-04-14,2025-04-21,7 ngày gần nhất,7,7,261856,1810367836.0,86.2032,13494,2138112236.0,37996200.0,2100116036.0,1628950972.0155573,471165063.9844433,1927.7142857142856,305444605.14285713,5428028.571429,300016576.571429,232707281.71650815,67309294.85492048,"[""Dược Mỹ Phẩm"",""Mỹ Phẩm"",""Thuốc"",""Skincare"",""VẬT TƯ""]","[1596138291,293880149,241475543,6398253,220000]","[153904,85059,127968,45702,36667]","[""Dược Mỹ Phẩm"",""Thuốc"",""Mỹ Phẩm"",""Skincare""]","[159,72,93,2]","[22210200,8549000,7167000,70000]","[1.41,3.55,2.48,1.06]","[""Dược Mỹ Phẩm"",""Mỹ Phẩm"",""Thuốc"",""Skincare"",""VẬT TƯ""]","[1573928091,286713149,232926543,6328253,220000]","[151762,82985,123437,45202,36667]","[""Dược Mỹ Phẩm"",""Mỹ Phẩm"",""Thuốc"",""Skincare"",""VẬT TƯ""]","[355923347,61775156,51751308,1495253,220000]","[34319,17880,27425,10680,36667]","[22,21,22,23,100]","[""Dược Mỹ Phẩm"",""Mỹ Phẩm"",""Thuốc"",""Skincare"",""VẬT TƯ""]","[10371,3455,1887,140,6]","[""TRẮNG ADVANCED NOURISH - Sữa rửa mặt HADA LABO dưỡng ẩm 80G"",""Nước tẩy trang JMSolution Water Luminous SOS Ringer Cleansing Water Black 850ml"",""Drceutics Nước Tẩy Trang Ultra-mild OLIVE Cleansing Water 500ml"",""Sữa rửa mặt Farmona Dermacos"",""Derma forte ADCANCED"",""Megaduo Gel - Bản Thường 15g"",""XANH TRẮNG DA PERFECT WHITE - Sữa rửa mặt HADA LABO Tranexemic Acid Cleanser 80G"",""XANH ANCE CARE DA MỤN - Sữa rửa mặt HADA LABO 80G"",""55g - Kem chống nắng Sunplay Skin Aqua Clear White"",""Nhũ tương mượt da toàn thân Ziaja""]","[110462572,89516201,74291486,63860418,63392967,62829720,58792414,54687202,53359552,50800030]","[76181,172147,157731,320907,124057,131443,88410,90392,174378,390769]","[""TRẮNG ADVANCED NOURISH - Sữa rửa mặt HADA LABO dưỡng ẩm 80G"",""Derma forte ADCANCED"",""XANH TRẮNG DA PERFECT WHITE - Sữa rửa mặt HADA LABO Tranexemic Acid Cleanser 80G"",""Megaduo - BẢN PLUS 15g"",""Megaduo Gel - Bản Thường 15g"",""XANH ANCE CARE DA MỤN - Sữa rửa mặt HADA LABO 80G"",""Derma forte (bản thường)"",""Radical Tinh chất ngừa rụng tóc nữ"",""ĐỎ PRO ANTI AGING - Sữa rửa mặt HADA LABO 80G"",""Nước tẩy trang JMSolution Water Luminous SOS Ringer Cleansing Water Black 500ml""]","[41,25,23,13,14,14,11,3,12,8]","[2833000,2829000,1914000,1833000,1750000,1165000,1146000,1106000,996000,984000]","[2.56,4.46,3.25,3.71,2.79,2.13,2.55,20.0,2.61,2.48]","[""TRẮNG ADVANCED NOURISH - Sữa rửa mặt HADA LABO dưỡng ẩm 80G"",""Nước tẩy trang JMSolution Water Luminous SOS Ringer Cleansing Water Black 850ml"",""Drceutics Nước Tẩy Trang Ultra-mild OLIVE Cleansing Water 500ml"",""Sữa rửa mặt Farmona Dermacos"",""Megaduo Gel - Bản Thường 15g"",""Derma forte ADCANCED"",""XANH TRẮNG DA PERFECT WHITE - Sữa rửa mặt HADA LABO Tranexemic Acid Cleanser 80G"",""XANH ANCE CARE DA MỤN - Sữa rửa mặt HADA LABO 80G"",""55g - Kem chống nắng Sunplay Skin Aqua Clear White"",""Nhũ tương mượt da toàn thân Ziaja""]","[107629572,88880201,73381691,63546418,61079720,60563967,56878414,53522202,53027552,50416030]","[74227,170923,155800,319329,127782,118520,85531,88466,173293,387816]","[""Nước tẩy trang JMSolution Water Luminous SOS Ringer Cleansing Water Black 850ml"",""Drceutics Nước Tẩy Trang Ultra-mild OLIVE Cleansing Water 500ml"",""TRẮNG ADVANCED NOURISH - Sữa rửa mặt HADA LABO dưỡng ẩm 80G"",""Derma forte ADCANCED"",""XANH TRẮNG DA PERFECT WHITE - Sữa rửa mặt HADA LABO Tranexemic Acid Cleanser 80G"",""55g - Kem chống nắng Sunplay Skin Aqua Clear White"",""XANH ANCE CARE DA MỤN - Sữa rửa mặt HADA LABO 80G"",""Nước tẩy trang JMSOLUTION DERMA CARE CENTELLA CLEANSING WATER Clear 500ml"",""Megaduo Gel - Bản Thường 15g"",""Derma forte (bản thường)""]","[25040201,18937491,18189742,14943447,14470414,12323552,11235230,10672862,10061600,9834276]","[48154,40207,12545,29244,21760,40273,18571,28161,21049,24524]","[28,25,16,24,25,23,20,22,16,22]","[""TRẮNG ADVANCED NOURISH - Sữa rửa mặt HADA LABO dưỡng ẩm 80G"",""XANH TRẮNG DA PERFECT WHITE - Sữa rửa mặt HADA LABO Tranexemic Acid Cleanser 80G"",""XANH ANCE CARE DA MỤN - Sữa rửa mặt HADA LABO 80G"",""Nước tẩy trang JMSolution Water Luminous SOS Ringer Cleansing Water Black 850ml"",""Derma forte ADCANCED"",""Megaduo Gel - Bản Thường 15g"",""Drceutics Nước Tẩy Trang Ultra-mild OLIVE Cleansing Water 500ml"",""ĐỎ PRO ANTI AGING - Sữa rửa mặt HADA LABO 80G"",""Bông tẩy trang LIKADO 222 miếng"",""Derma forte (bản thường)""]","[1450,665,605,520,511,478,471,422,407,401]","[""Dr Thêm Official Store"",""Mila Cosmetics Store"",""Dr Thêm"",""SC1""]","[1841982936,171669900,122006400,2453000]","[153473,383192,118109,223000]","[""Dr Thêm Official Store"",""Mila Cosmetics Store"",""Dr Thêm""]","[287,12,27]","[31615100,3656200,2724900]","[1,1,2]","[""Dr Thêm Official Store"",""Mila Cosmetics Store"",""Dr Thêm"",""SC1""]","[1810367836,168013700,119281500,2453000]","[150839,375031,115471,223000]","[""Dr Thêm Official Store"",""Dr Thêm"",""Mila Cosmetics Store""]","[423369645,30591317,17548602]","[35275,29614,39171]","[23,25,10]","[""Dr Thêm Official Store"",""Dr Thêm"",""Mila Cosmetics Store"",""SC1""]","[12002,1033,448,11]",412,16890,124341,27896,0,"[""Dược Mỹ Phẩm"",""Mỹ Phẩm"",""Thuốc"",""Skincare"",""VẬT TƯ""]","[11241,3753,2028,188,6]","[159,93,72,2,0]","[1573928091,286713149,232926543,6328253,220000]","[355923347,61775156,51751308,1495253,220000]","[""Dược Mỹ Phẩm"",""Mỹ Phẩm"",""Thuốc"",""Skincare"",""VẬT TƯ""]","[11241,3753,2028,188,6]","[159,93,72,2,0]","[1573928091,286713149,232926543,6328253,220000]","[355923347,61775156,51751308,1495253,220000]","[""Dược Mỹ Phẩm"",""Mỹ Phẩm"",""Thuốc"",""Skincare"",""VẬT TƯ""]","[11241,3753,2028,188,6]","[159,93,72,2,0]","[1573928091,286713149,232926543,6328253,220000]","[355923347,61775156,51751308,1495253,220000]","[""VẬT TƯ"",""Skincare"",""Thuốc"",""Mỹ Phẩm"",""Dược Mỹ Phẩm""]","[6,188,2028,3753,11241]","[0,2,72,93,159]","[220000,6328253,232926543,286713149,1573928091]","[220000,1495253,51751308,61775156,355923347]","[""VẬT TƯ"",""Skincare"",""Thuốc"",""Mỹ Phẩm"",""Dược Mỹ Phẩm""]","[6,188,2028,3753,11241]","[0,2,72,93,159]","[220000,6328253,232926543,286713149,1573928091]","[220000,1495253,51751308,61775156,355923347]","[""VẬT TƯ"",""Skincare"",""Thuốc"",""Mỹ Phẩm"",""Dược Mỹ Phẩm""]","[6,188,2028,3753,11241]","[0,2,72,93,159]","[220000,6328253,232926543,286713149,1573928091]","[220000,1495253,51751308,61775156,355923347]","[""TRẮNG ADVANCED NOURISH - Sữa rửa mặt HADA LABO dưỡng ẩm 80G"",""XANH TRẮNG DA PERFECT WHITE - Sữa rửa mặt HADA LABO Tranexemic Acid Cleanser 80G"",""XANH ANCE CARE DA MỤN - Sữa rửa mặt HADA LABO 80G"",""Nước tẩy trang JMSolution Water Luminous SOS Ringer Cleansing Water Black 850ml"",""Derma forte ADCANCED"",""Bông tẩy trang LIKADO 222 miếng"",""Megaduo Gel - Bản Thường 15g"",""Drceutics Nước Tẩy Trang Ultra-mild OLIVE Cleansing Water 500ml"",""ĐỎ PRO ANTI AGING - Sữa rửa mặt HADA LABO 80G"",""Derma forte (bản thường)""]","[1600,707,658,564,560,549,501,484,459,432]","[41,23,14,4,25,3,14,6,12,11]","[107629572,56878414,53522202,88880201,60563967,17391840,61079720,73381691,37181940,43844340]","[18189742,14470414,11235230,25040201,14943447,6187920,10061600,18937491,9020940,9834276]","[""TRẮNG ADVANCED NOURISH - Sữa rửa mặt HADA LABO dưỡng ẩm 80G"",""Nước tẩy trang JMSolution Water Luminous SOS Ringer Cleansing Water Black 850ml"",""Drceutics Nước Tẩy Trang Ultra-mild OLIVE Cleansing Water 500ml"",""Sữa rửa mặt Farmona Dermacos"",""Megaduo Gel - Bản Thường 15g"",""Derma forte ADCANCED"",""XANH TRẮNG DA PERFECT WHITE - Sữa rửa mặt HADA LABO Tranexemic Acid Cleanser 80G"",""XANH ANCE CARE DA MỤN - Sữa rửa mặt HADA LABO 80G"",""55g - Kem chống nắng Sunplay Skin Aqua Clear White"",""Nhũ tương mượt da toàn thân Ziaja""]","[107629572,88880201,73381691,63546418,61079720,60563967,56878414,53522202,53027552,50416030]","[41,4,6,1,14,25,23,14,2,1]","[107629572,88880201,73381691,63546418,61079720,60563967,56878414,53522202,53027552,50416030]","[18189742,25040201,18937491,3568018,10061600,14943447,14470414,11235230,12323552,2836030]","[""Nước tẩy trang JMSolution Water Luminous SOS Ringer Cleansing Water Black 850ml"",""Drceutics Nước Tẩy Trang Ultra-mild OLIVE Cleansing Water 500ml"",""TRẮNG ADVANCED NOURISH - Sữa rửa mặt HADA LABO dưỡng ẩm 80G"",""Derma forte ADCANCED"",""XANH TRẮNG DA PERFECT WHITE - Sữa rửa mặt HADA LABO Tranexemic Acid Cleanser 80G"",""55g - Kem chống nắng Sunplay Skin Aqua Clear White"",""XANH ANCE CARE DA MỤN - Sữa rửa mặt HADA LABO 80G"",""Nước tẩy trang JMSOLUTION DERMA CARE CENTELLA CLEANSING WATER Clear 500ml"",""Megaduo Gel - Bản Thường 15g"",""Derma forte (bản thường)""]","[564,484,1600,560,707,320,658,386,501,432]","[4,6,41,25,23,2,14,6,14,11]","[88880201,73381691,107629572,60563967,56878414,53027552,53522202,48292862,61079720,43844340]","[25040201,18937491,18189742,14943447,14470414,12323552,11235230,10672862,10061600,9834276]","[""Drceutics sTANDARD TONER 200ML"",""Kem chống nắng Skin1004 Madagascar Centella Air-Fit Suncream Plus 20ml"",""Xịt Khoáng Cấp Ẩm, Làm Dịu Da, Giảm Kích Ứng Avene Thermal Spring Water 50ml"",""Mặt Nạ Tẩy Tế Bào Chết Ziaja Manuka Tree Purifying Deeply Cleansing Peeling Paste 75ml"",""Serum EKSEPTION Hyaluronic ZnPCA Mixlab Serum 75ml"",""COCOON Nước tẩy trang bí đao 140ML"",""Xịt Dưỡng Dịu Da Tăng Cường Hiệu Quả Bởi B5 Ziaja Med Kuracja Naczynkowa Tonik 200ml"",""Kem Dưỡng Làm Giảm Mụn SVR Sebiaclear Mat + Pores 40ml"",""Kem Dưỡng Ẩm Hàng Ngày Cho Da Mỏng Manh Nhạy Cảm A-DERMA UNIVERSAL CREAM HYDRATING 50ml"",""Xịt Khoáng Cấp Ẩm, Làm Dịu Da, Giảm Kích Ứng Avene Thermal Spring Water 150ml""]","[1,1,1,1,1,1,1,1,1,1]","[0,1,1,0,0,0,0,1,0,0]","[200000,0,-2000,251924,695000,120000,396000,-2000,352000,261000]","[52600,0,-2000,135434,147750,29116,44800,-2000,95935,70725]",,,,,,,,,,,158449.10597303,13246,98.55,"[0,1]","[5611,7635]","[42.36,57.64]","[1026279640.00000000,1111832596.00000000]","[48.00,52.00]","[""Dr Thêm Official Store"",""Dr Thêm"",""Mila Cosmetics Store"",""Kênh trực tiếp""]","[6496,910,227,5]","[5299,112,202,3]","[0,0,0,0]","[""undefined""]",[2138112236],[158449],"[""undefined""]",[326.0],[37996200],[1.89],"[""undefined""]",[2100116036],[155633],"[""undefined""]",[471165063],[34916],[445.73],"[""undefined""]",[13494],"[0,2]","[13239,7]","[99.95,0.05]",[0],[13246],[100.0]
