run_date,retailer_id,branch_id,timeframe_start,timeframe_end,timeframe_type,num_day,num_day_sell,top_channel,net_revenue_top_channel,percentage_net_revenue_top_channel,num_invoice_sell,total_revenue,total_return_revenue,net_revenue,total_cost,gross_profit,num_invoice_sell_per_day,revenue_per_day,total_return_revenue_per_day,net_revenue_per_day,total_cost_per_day,gross_profit_per_day,num_types,actual_sold,avg_net_rev_per_product,avg_profit_per_product,new_product_net_revenue,pd_group_quan_name,pd_group_quan_by_quan,pd_group_re_quantity_by_quan,pd_group_net_rev_by_quan,pd_group_profit_by_quan,pd_group_net_rev_name,pd_group_quantity_by_net_rev,pd_group_re_quantity_by_net_rev,pd_group_net_revenue_by_net_rev,pd_group_profit_by_net_rev,pd_group_profit_name,pd_group_quantity_by_profit,pd_group_re_quantity_by_profit,pd_group_net_rev_by_profit,pd_group_profit_by_profit,pd_group_quan_name_lst,pd_group_quan_by_quan_lst,pd_group_re_quantity_by_quan_lst,pd_group_net_rev_by_quan_lst,pd_group_profit_by_quan_lst,pd_group_rev_name_lst,pd_group_quan_by_rev_lst,pd_group_re_quantity_by_rev_lst,pd_group_net_rev_by_rev_lst,pd_group_profit_by_rev_lst,pd_group_profit_name_lst,pd_group_quan_by_profit_lst,pd_group_re_quantity_by_profit_lst,pd_group_net_rev_by_profit_lst,pd_group_profit_by_profit_lst,pd_product_quan_name,pd_product_quan_by_quan,pd_product_re_quantity_by_quan,pd_product_net_rev_by_quan,pd_product_profit_by_quan,pd_product_net_rev_name,pd_product_quantity_by_net_rev,pd_product_re_quantity_by_net_rev,pd_product_net_revenue_by_net_rev,pd_product_profit_by_net_rev,pd_product_profit_name,pd_product_quantity_by_profit,pd_product_re_quantity_by_profit,pd_product_net_rev_by_profit,pd_product_profit_by_profit,pd_product_quan_name_lst,pd_product_quan_by_quan_lst,pd_product_re_quantity_by_quan_lst,pd_product_net_rev_by_quan_lst,pd_product_profit_by_quan_lst,pd_product_rev_name_lst,pd_product_quan_by_rev_lst,pd_product_re_quantity_by_rev_lst,pd_product_net_rev_by_rev_lst,pd_product_profit_by_rev_lst,pd_product_profit_name_lst,pd_product_quan_by_profit_lst,pd_product_re_quantity_by_profit_lst,pd_product_net_rev_by_profit_lst,pd_product_profit_by_profit_lst,avg_order_value,total_customer,repurchase_rate,group_customer_type,num_customer_type,customer_type_ratio,revenue_customer_type,revenue_customer_type_ratio,sale_channels,num_customer_new_array,num_customer_old_array,num_customer_unknown_array,grouping_customer_top10_revenue,revenue_group_customer,revenue_per_invoice_group_customer,grouping_customer_top10_num_return,num_return_group_customer,return_value_group_customer,return_rate_group_customer,grouping_customer_top10_net_revenue,net_revenue_group_customer,net_revenue_per_invoice_group_customer,grouping_customer_top10_profit,profit_group_customer,profit_per_invoice_group_customer,profit_margin_group_customer,grouping_customer_top10_num_invoice,num_invoice_group_customer,grouping_customer_rfm,num_customer_rfm,customer_ratio_rfm,revenue_rfm,return_value_rfm,profit_rfm,customer_gender,num_customer_gender,customer_ratio_gender,group_customer_age,num_customer_age,customer_ratio_age
2025-04-21,500577674,276709,2025-03-22,2025-04-21,30 ngày gần nhất,30,30,-1,3827708532.0,56.5984,289,6959060602.0,196139180.0,6762921422.0,5142305715.305609,1620615706.694388,9.633333333333333,231968686.73333332,6537972.666667,225430714.066667,171410190.51018697,54020523.5564796,510,51601.02,131061,31406,130507400,"[""Ống cao su"",""Hàng phụ tùng"",""Gang thường - Gang Crom"",""Sơn hàng hải"",""Lô chổi giấy giáp"",""Vật tư ngành nước"",""Sơn Trang Trí"",""Máy - bơm - củ phát"",""Dịch vụ"",""Nhân công sản xuất""]","[22162.199999999997,18344.8,9156.5,924.0,390.0,382.0,176.52,135.0,95.0,11.0]","[2.0,25.0,1.0,149.0,0.0,2.0,0.0,0.0,1.0,0.0]","[2190805991,650713233,1331486926,916344558,2974000,33010000,195828100,678450000,755425614,7723000]","[400506615,242927406,381373192,140205900,917462,7604024,22527650,109468946,307201508,7723000]","[""Ống cao su"",""Gang thường - Gang Crom"",""Sơn hàng hải"",""Dịch vụ"",""Máy - bơm - củ phát"",""Hàng phụ tùng"",""Sơn Trang Trí"",""Vật tư ngành nước"",""Nhân công sản xuất"",""Lô chổi giấy giáp""]","[22162.200000000004,9156.5,924.0,95.0,135.0,18344.8,176.51999999999998,382.0,11.0,390.0]","[2.0,1.0,149.0,1.0,0.0,25.0,0.0,2.0,0.0,0.0]","[2190805991,1331486926,916344558,755425614,678450000,650713233,195828100,33010000,7723000,2974000]","[400506615,381373192,140205900,307201508,109468946,242927406,22527650,7604024,7723000,917462]","[""Ống cao su"",""Gang thường - Gang Crom"",""Dịch vụ"",""Hàng phụ tùng"",""Sơn hàng hải"",""Máy - bơm - củ phát"",""Sơn Trang Trí"",""Nhân công sản xuất"",""Vật tư ngành nước"",""Lô chổi giấy giáp""]","[22162.2,9156.5,95.0,18344.800000000003,924.0,135.0,176.52,11.0,382.0,390.0]","[2.0,1.0,1.0,25.0,149.0,0.0,0.0,0.0,2.0,0.0]","[2190805991,1331486926,755425614,650713233,916344558,678450000,195828100,7723000,33010000,2974000]","[400506615,381373192,307201508,242927406,140205900,109468946,22527650,7723000,7604024,917462]","[""Đồ Tuy ô TL"",""Nhân công sản xuất"",""Dịch vụ"",""Máy - bơm - củ phát"",""Sơn Trang Trí"",""Vật tư ngành nước"",""Lô chổi giấy giáp"",""Sơn hàng hải"",""Gang thường - Gang Crom"",""Hàng phụ tùng""]","[4.0,11.0,95.0,135.0,176.52,382.0,390.0,924.0,9156.5,18344.8]","[0.0,0.0,1.0,0.0,0.0,2.0,0.0,149.0,1.0,25.0]","[160000,7723000,755425614,678450000,195828100,33010000,2974000,916344558,1331486926,650713233]","[160000,7723000,307201508,109468946,22527650,7604024,917462,140205900,381373192,242927406]","[""Đồ Tuy ô TL"",""Lô chổi giấy giáp"",""Nhân công sản xuất"",""Vật tư ngành nước"",""Sơn Trang Trí"",""Hàng phụ tùng"",""Máy - bơm - củ phát"",""Dịch vụ"",""Sơn hàng hải"",""Gang thường - Gang Crom""]","[4.0,390.0,11.0,382.0,176.52,18344.8,135.0,95.0,924.0,9156.5]","[0.0,0.0,0.0,2.0,0.0,25.0,0.0,1.0,149.0,1.0]","[160000,2974000,7723000,33010000,195828100,650713233,678450000,755425614,916344558,1331486926]","[160000,917462,7723000,7604024,22527650,242927406,109468946,307201508,140205900,381373192]","[""Đồ Tuy ô TL"",""Lô chổi giấy giáp"",""Vật tư ngành nước"",""Nhân công sản xuất"",""Sơn Trang Trí"",""Máy - bơm - củ phát"",""Sơn hàng hải"",""Hàng phụ tùng"",""Dịch vụ"",""Gang thường - Gang Crom""]","[4.0,390.0,382.0,11.0,176.52,135.0,924.0,18344.8,95.0,9156.5]","[0.0,0.0,2.0,0.0,0.0,0.0,149.0,25.0,1.0,1.0]","[160000,2974000,33010000,7723000,195828100,678450000,916344558,650713233,755425614,1331486926]","[160000,917462,7604024,7723000,22527650,109468946,140205900,242927406,307201508,381373192]","[""Dây thép"",""Bạt xanh gân sần CL"",""Zoăng"",""BL 12*50+LĐVE+Ê"",""Sên crom 200 - 460"",""BL 10*50+LĐVE+Ê"",""BL 10*30+LĐVE+Ê"",""Bích hoa crom"",""Cánh crom 200"",""BL 8*30+LĐVE+Ê""]","[8553.099999999999,6700.0,2496.0,2046.0,2008.0,1860.0,1643.0,1525.0,1483.5,1360.0]","[0.0,0.0,0.0,0.0,0.0,0.0,0.0,0.0,0.0,0.0]","[171213015,890220926,32024600,7161000,92368000,5580000,4929000,70150000,68202250,3128000]","[27222707,180020925,9561356,3740292,13051999,3550665,3881373,9912499,8616501,2648395]","[""Bạt xanh gân sần CL"",""Lãi vay"",""Rồng TH"",""CP PS VTT"",""Rồng đỏ TQ"",""JOTAPRIME 500 ALU.REDTONED 20L"",""Máy Q.Chai nhập khẩu S1110"",""JOTAPRIME 500 ALUMINIUM 20L"",""Dây thép"",""Sên""]","[890220926,386980000,375130000,307297614,283400000,198250000,184300000,182050000,171213015,153690000]","[0.0,0.0,0.0,0.0,1.0,25.0,0.0,20.0,0.0,0.0]","[890220926,386980000,375130000,307297614,283400000,198250000,184300000,182050000,171213015,153690000]","[180020925,386980000,52779999,-55105496,32317999,45926703,27579999,42105999,27222707,24917999]","[""Lãi vay"",""Bạt xanh gân sần CL"",""Bầu dầu + Bích ren 200CR TY"",""Rồng TH"",""JOTAPRIME 500 ALU.REDTONED 20L"",""JOTAPRIME 500 ALUMINIUM 20L"",""VAT HH"",""Ống chống nổ 150"",""PENGUARD TC RAL 7035 18,5L"",""Rồng đỏ TQ""]","[3.0,6700.0,3.0,360.0,115.0,104.0,3.0,410.0,9.0,19.0]","[0.0,0.0,0.0,0.0,25.0,20.0,0.0,0.0,0.0,1.0]","[386980000,890220926,96000000,375130000,198250000,182050000,50647238,121700000,34632000,283400000]","[386980000,180020925,96000000,52779999,45926703,42105999,36281138,34640589,34632000,32317999]","[""Túp 70*112 (Túp 150-TY)"",""túp 83*132"",""Bầu dầu 200 NĐ HC"",""Rồng đen 100 TH 4m"",""Bơm ben 32 - then trái"",""Máy cắt cầm tay DCA100"",""Củ ren 200"",""Phớt loa 150"",""JOTAPRIME 500 ALU.REDTONED 5L"",""Clear Bóng Kova 1kg""]","[0.1,0.4,1.0,1.0,1.0,1.0,1.0,1.0,1.0,1.0]","[0.0,0.0,0.0,0.0,0.0,0.0,0.0,1.0,0.0,0.0]","[65000,600000,12000000,700000,1500000,650000,480000,0,750000,220000]","[65000,279999,1999999,700000,1500000,129999,480000,-1,293739,35199]",,,,,,,,,,,24468540.85211268,112.0,,"[0,1,2]","[86,21,5]","[76.79,18.75,4.46]","[6118929582.00000000,830136020.00000000,9995000.00000000]","[87.93,11.93,0.14]","[""Kênh trực tiếp"",""Tàu Nbs 4500 DWT"",""Tàu Xuân Bách 02 - Đồng Chưa"",""ĐH - Tàu 09"",""MD - Bắc Nam"",""VM - Tàu 5742"",""Tàu Mỹ Dung Đại Hùng 55"",""TB 1634"",""Tàu 4245"",""Tàu chú Như Thư QN 7285""]","[20,2,0,0,0,0,0,0,0,0]","[69,14,2,1,1,1,1,1,1,1]","[5,0,0,0,0,0,0,0,0,0]","[""Vật tư tàu"",""Sơn hàng hải"",""Khoản vay"",""Sơn trang trí"",""undefined""]","[5270674764,1088058738,383440000,202002100,14885000]","[26485802,22205280,191720000,6121275,2480833]","[""Sơn hàng hải"",""Vật tư tàu""]","[150.0,30.0]","[166334180,29805000]","[13.43,0.06]","[""Vật tư tàu"",""Sơn hàng hải"",""Khoản vay"",""Sơn trang trí"",""undefined""]","[5240869764,921724558,383440000,202002100,14885000]","[26336028,18810705,191720000,6121275,2480833]","[""Vật tư tàu"",""Khoản vay"",""Sơn hàng hải"",""Sơn trang trí"",""undefined""]","[1067926567,383440000,139847598,25095112,4306427]","[5366465,191720000,2854032,760457,717737]","[490.75,100.0,659.09,804.95,345.65]","[""Vật tư tàu"",""Sơn hàng hải"",""Sơn trang trí"",""undefined"",""Khoản vay""]","[199,49,33,6,2]","[1,2,3,4,5]","[99,102,65,44,31]","[29.03,29.91,19.06,12.9,9.09]","[44520666232,8588138926,2741981622,689276480,48103580]","[376578940,490102335,262092035,6267000,0]","[10130659302,1797983059,378694915,97156561,-39436675]","[0,1,2]","[88,16,3]","[82.24,14.95,2.8]",[0],[107],[100.0]
2025-04-21,500577674,276709,2025-04-01,2025-04-21,tháng này,20,20,-1,1744662552.0,56.33,197,3264855172.0,167639180.0,3097215992.0,2584707564.859175,512508427.1408245,9.85,163242758.6,8381959.0,154860799.6,129235378.24295875,25625421.35704122,394,22856.270000000004,135508,22423,83157400,"[""Ống cao su"",""Hàng phụ tùng"",""Gang thường - Gang Crom"",""Sơn hàng hải"",""Lô chổi giấy giáp"",""Vật tư ngành nước"",""Sơn Trang Trí"",""Máy - bơm - củ phát"",""Dịch vụ"",""Nhân công sản xuất""]","[10544.949999999999,7122.799999999999,4022.0,740.0,214.0,114.0,108.52000000000001,69.0,55.0,8.0]","[2.0,7.0,1.0,133.0,0.0,2.0,0.0,0.0,1.0,0.0]","[1074698891,241104233,495176926,698092270,1294000,10840000,110039600,224100000,235687072,6023000]","[199150527,95067291,182777162,75225397,208385,2404262,-201214,28639978,-76946365,6023000]","[""Ống cao su"",""Sơn hàng hải"",""Gang thường - Gang Crom"",""Hàng phụ tùng"",""Dịch vụ"",""Máy - bơm - củ phát"",""Sơn Trang Trí"",""Vật tư ngành nước"",""Nhân công sản xuất"",""Lô chổi giấy giáp""]","[10544.949999999999,740.0,4022.0,7122.799999999999,55.0,69.0,108.52,114.0,8.0,214.0]","[2.0,133.0,1.0,7.0,1.0,0.0,0.0,2.0,0.0,0.0]","[1074698891,698092270,495176926,241104233,235687072,224100000,110039600,10840000,6023000,1294000]","[199150527,75225397,182777162,95067291,-76946365,28639978,-201214,2404262,6023000,208385]","[""Ống cao su"",""Gang thường - Gang Crom"",""Hàng phụ tùng"",""Sơn hàng hải"",""Máy - bơm - củ phát"",""Nhân công sản xuất"",""Vật tư ngành nước"",""Lô chổi giấy giáp"",""Đồ Tuy ô TL""]","[10544.949999999999,4022.0,7122.799999999999,740.0,69.0,8.0,114.0,214.0,4.0]","[2.0,1.0,7.0,133.0,0.0,0.0,2.0,0.0,0.0]","[1074698891,495176926,241104233,698092270,224100000,6023000,10840000,1294000,160000]","[199150527,182777162,95067291,75225397,28639978,6023000,2404262,208385,160000]","[""Đồ Tuy ô TL"",""Nhân công sản xuất"",""Dịch vụ"",""Máy - bơm - củ phát"",""Sơn Trang Trí"",""Vật tư ngành nước"",""Lô chổi giấy giáp"",""Sơn hàng hải"",""Gang thường - Gang Crom"",""Hàng phụ tùng""]","[4.0,8.0,55.0,69.0,108.52000000000001,114.0,214.0,740.0,4022.0,7122.799999999999]","[0.0,0.0,1.0,0.0,0.0,2.0,0.0,133.0,1.0,7.0]","[160000,6023000,235687072,224100000,110039600,10840000,1294000,698092270,495176926,241104233]","[160000,6023000,-76946365,28639978,-201214,2404262,208385,75225397,182777162,95067291]","[""Đồ Tuy ô TL"",""Lô chổi giấy giáp"",""Nhân công sản xuất"",""Vật tư ngành nước"",""Sơn Trang Trí"",""Máy - bơm - củ phát"",""Dịch vụ"",""Hàng phụ tùng"",""Gang thường - Gang Crom"",""Sơn hàng hải""]","[4.0,214.0,8.0,114.0,108.52000000000001,69.0,55.0,7122.799999999999,4022.0,740.0]","[0.0,0.0,0.0,2.0,0.0,0.0,1.0,7.0,1.0,133.0]","[160000,1294000,6023000,10840000,110039600,224100000,235687072,241104233,495176926,698092270]","[160000,208385,6023000,2404262,-201214,28639978,-76946365,95067291,182777162,75225397]","[""Đồ Tuy ô TL"",""Lô chổi giấy giáp"",""Vật tư ngành nước"",""Nhân công sản xuất"",""Máy - bơm - củ phát"",""Sơn hàng hải"",""Hàng phụ tùng"",""Gang thường - Gang Crom""]","[4.0,214.0,114.0,8.0,69.0,740.0,7122.799999999999,4022.0]","[0.0,0.0,2.0,0.0,0.0,133.0,7.0,1.0]","[160000,1294000,10840000,6023000,224100000,698092270,241104233,495176926]","[160000,208385,2404262,6023000,28639978,75225397,95067291,182777162]","[""Dây thép"",""Bạt xanh gân sần CL"",""BL 12*50+LĐVE+Ê"",""Sên crom 200 - 460"",""BL 10*50+LĐVE+Ê"",""Long đen vuông"",""Cánh crom 200"",""Bích hoa crom"",""Tuy ô"",""BL 8*30+LĐVE+Ê""]","[4936.9,3150.0,1011.0,1006.0,760.0,688.0,623.0,600.0,510.0,500.0]","[0.0,0.0,0.0,0.0,0.0,0.0,0.0,0.0,0.0,0.0]","[99994415,424970926,3538500,46276000,2280000,2064000,28619250,27600000,7650000,1150000]","[15824919,91070925,1848209,6538999,1450809,1038446,3480323,3899999,3789866,973674]","[""Bạt xanh gân sần CL"",""CP PS VTT"",""Rồng đỏ TQ"",""JOTAPRIME 500 ALU.REDTONED 20L"",""JOTAPRIME 500 ALUMINIUM 20L"",""Rồng TH"",""Dây thép"",""Bầu dầu + Bích ren 200CR TY"",""Ống chống nổ 150"",""ALKYDPRIMER QD RED 20L""]","[424970926,208947072,200000000,147500000,126650000,118130000,99994415,96000000,60000000,50000000]","[0.0,0.0,1.0,25.0,20.0,0.0,0.0,0.0,0.0,0.0]","[424970926,208947072,200000000,147500000,126650000,118130000,99994415,96000000,60000000,50000000]","[91070925,-59714539,24517999,37176703,32065999,17629999,15824919,96000000,11535176,9670627]","[""Bầu dầu + Bích ren 200CR TY"",""Bạt xanh gân sần CL"",""JOTAPRIME 500 ALU.REDTONED 20L"",""PENGUARD TC RAL 7035 18,5L"",""JOTAPRIME 500 ALUMINIUM 20L"",""Rồng đỏ TQ"",""Rồng TH"",""Dây thép"",""Đai ống rồng 250"",""Ống chống nổ 150""]","[3.0,3150.0,90.0,9.0,77.0,15.0,99.0,4936.9,43.0,200.0]","[0.0,0.0,25.0,0.0,20.0,1.0,0.0,0.0,4.0,0.0]","[96000000,424970926,147500000,34632000,126650000,200000000,118130000,99994415,14820000,60000000]","[96000000,91070925,37176703,34632000,32065999,24517999,17629999,15824919,12728360,11535176]","[""Túp 70*112 (Túp 150-TY)"",""túp 83*132"",""Túp 83*135"",""Kìm điện"",""Ba lăng xích kéo"",""Bầu dầu + Bích ren thường 200TY"",""Bi cơ"",""Lô to pornt"",""JOTAMASTIC 80 COMPB 0,6L"",""Lãi vay""]","[0.1,0.4,0.5,1.0,1.0,1.0,1.0,1.0,1.0,1.0]","[0.0,0.0,0.0,0.0,0.0,0.0,0.0,0.0,0.0,0.0]","[65000,600000,750000,90000,3000000,0,500000,20000,0,3540000]","[65000,279999,299999,39999,3000000,0,144999,2047,0,3540000]",,,,,,,,,,,16782165.83505155,86.0,,"[0,1,2]","[68,15,3]","[79.07,17.44,3.49]","[2658772172.00000000,596968000.00000000,9115000.00000000]","[81.44,18.28,0.28]","[""Kênh trực tiếp"",""Tàu Nbs 4500 DWT"",""Tàu Xuân Bách 02 - Đồng Chưa"",""MD - Bắc Nam"",""VM - Tàu 5742"",""Tàu Mỹ Dung Đại Hùng 55"",""TB 1634"",""Tàu 4245"",""MD - TB 04"",""VM - Tàu 3499""]","[15,1,0,0,0,0,0,0,0,0]","[55,9,2,1,1,1,1,1,1,1]","[3,0,0,0,0,0,0,0,0,0]","[""Vật tư tàu"",""Sơn hàng hải"",""Sơn trang trí"",""undefined""]","[2290715122,848801450,111333600,14005000]","[17094888,21764139,5566680,3501250]","[""Sơn hàng hải"",""Vật tư tàu""]","[134.0,12.0]","[145034180,22605000]","[14.41,0.06]","[""Vật tư tàu"",""Sơn hàng hải"",""Sơn trang trí"",""undefined""]","[2268110122,703767270,111333600,14005000]","[16926194,18045314,5566680,3501250]","[""Vật tư tàu"",""Sơn hàng hải"",""undefined"",""Sơn trang trí""]","[436285431,72673395,3542427,7172]","[3255861,1863420,885606,358]","[519.87,968.4,395.35,1552322.22]","[""Vật tư tàu"",""Sơn hàng hải"",""Sơn trang trí"",""undefined""]","[134,39,20,4]","[1,2,3,4,5]","[99,102,65,44,31]","[29.03,29.91,19.06,12.9,9.09]","[44520666232,8588138926,2741981622,689276480,48103580]","[376578940,490102335,262092035,6267000,0]","[10130659302,1797983059,378694915,97156561,-39436675]","[0,1,2]","[66,15,2]","[79.52,18.07,2.41]",[0],[83],[100.0]
2025-04-21,500577674,276709,2025-03-01,2025-04-01,tháng trước,31,31,-1,6849244116.0,60.1717,283,11515312847.0,132471230.0,11382841617.0,7988004571.394542,3394837045.605458,9.129032258064516,371461704.74193543,4273265.483871,367188439.258065,257677566.8191788,109510872.43888572,576,73495.87999999999,154877,46190,908360189,"[""Hàng phụ tùng"",""Ống cao su"",""Gang thường - Gang Crom"",""Sơn hàng hải"",""Vật tư ngành nước"",""Lô chổi giấy giáp"",""Máy - bơm - củ phát"",""Dịch vụ"",""Sơn Trang Trí"",""Đồ Tuy ô TL""]","[26316.2,25849.629999999997,18234.5,1611.0,740.0,325.0,261.0,129.0,123.55,9.0]","[18.0,0.0,0.0,95.0,0.0,0.0,2.0,0.0,0.0,0.0]","[972949700,3087900260,2609140000,1955589413,68830000,2675000,1482140000,668322982,166843000,1450000]","[383031117,534336101,733218993,456786272,15487692,1075826,475454923,377939874,49054982,1450000]","[""Ống cao su"",""Gang thường - Gang Crom"",""Sơn hàng hải"",""Máy - bơm - củ phát"",""Hàng phụ tùng"",""Dịch vụ"",""Sơn trang trí công nợ"",""Sơn Trang Trí"",""Vật tư ngành nước"",""Nhân công sản xuất""]","[25849.629999999997,18234.5,1611.0,261.0,26316.2,129.0,5.0,123.55,740.0,7.0]","[0.0,0.0,95.0,2.0,18.0,0.0,0.0,0.0,0.0,0.0]","[3087900260,2609140000,1955589413,1482140000,972949700,668322982,363104262,166843000,68830000,3897000]","[534336101,733218993,456786272,475454923,383031117,377939874,363104262,49054982,15487692,3897000]","[""Gang thường - Gang Crom"",""Ống cao su"",""Máy - bơm - củ phát"",""Sơn hàng hải"",""Hàng phụ tùng"",""Dịch vụ"",""Sơn trang trí công nợ"",""Sơn Trang Trí"",""Vật tư ngành nước"",""Nhân công sản xuất""]","[18234.5,25849.629999999997,261.0,1611.0,26316.2,129.0,5.0,123.55,740.0,7.0]","[0.0,0.0,2.0,95.0,18.0,0.0,0.0,0.0,0.0,0.0]","[2609140000,3087900260,1482140000,1955589413,972949700,668322982,363104262,166843000,68830000,3897000]","[733218993,534336101,475454923,456786272,383031117,377939874,363104262,49054982,15487692,3897000]","[""Sơn trang trí công nợ"",""Nhân công sản xuất"",""Đồ Tuy ô TL"",""Sơn Trang Trí"",""Dịch vụ"",""Máy - bơm - củ phát"",""Lô chổi giấy giáp"",""Vật tư ngành nước"",""Sơn hàng hải"",""Gang thường - Gang Crom""]","[5.0,7.0,9.0,123.55,129.0,261.0,325.0,740.0,1611.0,18234.5]","[0.0,0.0,0.0,0.0,0.0,2.0,0.0,0.0,95.0,0.0]","[363104262,3897000,1450000,166843000,668322982,1482140000,2675000,68830000,1955589413,2609140000]","[363104262,3897000,1450000,49054982,377939874,475454923,1075826,15487692,456786272,733218993]","[""Đồ Tuy ô TL"",""Lô chổi giấy giáp"",""Nhân công sản xuất"",""Vật tư ngành nước"",""Sơn Trang Trí"",""Sơn trang trí công nợ"",""Dịch vụ"",""Hàng phụ tùng"",""Máy - bơm - củ phát"",""Sơn hàng hải""]","[9.0,325.0,7.0,740.0,123.55,5.0,129.0,26316.2,261.0,1611.0]","[0.0,0.0,0.0,0.0,0.0,0.0,0.0,18.0,2.0,95.0]","[1450000,2675000,3897000,68830000,166843000,363104262,668322982,972949700,1482140000,1955589413]","[1450000,1075826,3897000,15487692,49054982,363104262,377939874,383031117,475454923,456786272]","[""Lô chổi giấy giáp"",""Đồ Tuy ô TL"",""Nhân công sản xuất"",""Vật tư ngành nước"",""Sơn Trang Trí"",""Sơn trang trí công nợ"",""Dịch vụ"",""Hàng phụ tùng"",""Sơn hàng hải"",""Máy - bơm - củ phát""]","[325.0,9.0,7.0,740.0,123.55,5.0,129.0,26316.2,1611.0,261.0]","[0.0,0.0,0.0,0.0,0.0,0.0,0.0,18.0,95.0,2.0]","[2675000,1450000,3897000,68830000,166843000,363104262,668322982,972949700,1955589413,1482140000]","[1075826,1450000,3897000,15487692,49054982,363104262,377939874,383031117,456786272,475454923]","[""Dây thép"",""Bạt xanh gân sần CL"",""Sên crom 200 - 460"",""Bích hoa crom"",""Zoăng"",""Cánh crom 200"",""BL 12*50+LĐVE+Ê"",""Zoăng"",""BL 10*50+LĐVE+Ê"",""BL 10*30+LĐVE+Ê""]","[9047.300000000001,6250.0,5247.0,3759.0,3156.0,3119.5,2415.0,2127.0,2100.0,2089.0]","[0.0,0.0,0.0,0.0,0.0,0.0,0.0,0.0,0.0,0.0]","[178878200,822450000,241362000,172914000,42747600,142240500,8452500,14026000,6300000,6192000]","[28221942,159949999,34105499,24433499,13087963,16632856,4574078,5387241,4064350,4940855]","[""Bạt xanh gân sần CL"",""Rồng TH"",""Rồng đỏ TQ"",""Máy Chang Chai Nhập Khẩu"",""Lãi vay"",""Sên"",""Máy Q.Chai nhập khẩu S1110"",""Máy Q.Chai S1115 NK cộc không đề"",""Sên crom 200 - 460"",""JOTAPRIME 500 ALUMINIUM 20L""]","[822450000,694800000,448700000,423500000,383440000,314190000,299200000,253500000,241362000,220250000]","[0.0,0.0,0.0,0.0,0.0,0.0,0.0,0.0,0.0,2.0]","[822450000,694800000,448700000,423500000,383440000,314190000,299200000,253500000,241362000,220250000]","[159949999,92999999,60551999,75326881,383440000,47237999,44529999,253500000,34105499,42169999]","[""Lãi vay"",""Máy Q.Chai S1115 NK cộc không đề"",""Bầu dầu + Bích ren 200CR TY"",""CKDS năm 2024"",""Bạt xanh gân sần CL"",""Rồng TH"",""CKDS quý 4/2024"",""SEAFORCE SHIELD DARK RED 20L"",""Máy Chang Chai Nhập Khẩu"",""JOTAMASTIC 85 ALU.RT 20L""]","[2.0,30.0,6.0,1.0,6250.0,708.0,1.0,12.0,43.0,30.0]","[0.0,0.0,0.0,0.0,0.0,0.0,0.0,0.0,0.0,0.0]","[383440000,253500000,182000000,161648489,822450000,694800000,86753428,84000000,423500000,72300000]","[383440000,253500000,182000000,161648489,159949999,92999999,86753428,84000000,75326881,72300000]","[""Túp 65*95"",""túp 83*132"",""Bả nội ngoại thất Interior & Exterior Putty"",""Bót lái thủy lực 250"",""Jotashield Chống Phai Màu"",""Định vị tàu 7''"",""Cánh sắt 150"",""Rồng đen 100 TH 4m"",""Máy QuanChai Nhập Khẩu"",""Túp 80*114""]","[0.1,0.2,0.55,1.0,1.0,1.0,1.0,1.0,1.0,1.0]","[0.0,0.0,0.0,0.0,0.0,0.0,0.0,0.0,0.0,0.0]","[70000,300000,280500,2600000,3215000,10400000,1450000,700000,4100000,750000]","[27781,139999,105601,499999,503578,10400000,828749,700000,299999,99999]",,,,,,,,,,,42217571.39114391,102.0,,"[0,1,2]","[69,21,12]","[67.65,20.59,11.76]","[10071774510.00000000,1369187337.00000000,74351000.00000000]","[87.46,11.89,0.65]","[""Kênh trực tiếp"",""Tàu Nbs 4500 DWT"",""Tàu Mỹ Dung - ĐH 51"",""Tàu HY 0150"",""ĐH - Tàu 09"",""Tàu chú Như Thư QN 7285"",""MD - TB 04"",""ĐH - Dự án Chân Mây"",""Tàu 6077"",""ĐH- Anh Hưng Bến Tre""]","[19,3,1,0,0,0,0,0,0,0]","[58,6,1,2,1,1,1,1,1,1]","[11,1,0,0,0,0,0,0,0,0]","[""Vật tư tàu"",""Sơn hàng hải"",""undefined"",""Khoản vay"",""Sơn trang trí""]","[8515778942,2006365643,483337262,383440000,126391000]","[44353015,43616644,24166863,191720000,5495260]","[""Sơn hàng hải"",""Vật tư tàu""]","[95.0,20.0]","[115221230,17250000]","[6.05,0.03]","[""Vật tư tàu"",""Sơn hàng hải"",""undefined"",""Khoản vay"",""Sơn trang trí""]","[8498528942,1891144413,483337262,383440000,126391000]","[44263171,41111835,24166863,191720000,5495260]","[""Vật tư tàu"",""Sơn hàng hải"",""undefined"",""Khoản vay"",""Sơn trang trí""]","[2137254494,437690948,403670271,383440000,32781330]","[11131533,9515020,20183513,191720000,1425275]","[397.64,432.07,119.74,100.0,385.56]","[""Vật tư tàu"",""Sơn hàng hải"",""Sơn trang trí"",""undefined"",""Khoản vay""]","[192,46,23,20,2]","[1,2,3,4,5]","[96,101,54,44,31]","[29.45,30.98,16.56,13.5,9.51]","[41559083160,8545455826,2490507622,689276480,48103580]","[226429760,487832335,246872035,6267000,0]","[9659595654,1788554172,348864091,97156561,-39436675]","[0,1,2]","[72,14,4]","[80.0,15.56,4.44]",[0],[90],[100.0]
2025-04-21,500577674,276709,2025-04-14,2025-04-21,7 ngày gần nhất,7,7,-1,629935544.0,80.4983,67,824445844.0,41900300.0,782545544.0,752114142.8774663,30431401.122533143,9.571428571428571,117777977.71428572,5985757.142857,111792220.571429,107444877.55392376,4347343.017504735,172,3805.62,205628,7996,36432000,"[""Ống cao su"",""Hàng phụ tùng"",""Gang thường - Gang Crom"",""Sơn hàng hải"",""Lô chổi giấy giáp"",""Sơn Trang Trí"",""Vật tư ngành nước"",""Dịch vụ"",""Nhân công sản xuất"",""Máy - bơm - củ phát""]","[1632.7,980.4,798.0,162.0,162.0,73.52,21.0,16.0,4.0,1.0]","[0.0,4.0,0.0,38.0,0.0,0.0,2.0,1.0,0.0,0.0]","[301524800,53717000,61232000,177583830,1159000,71110100,-2080000,114598814,3200000,500000]","[46023752,23186759,14087713,58716619,197806,-9749333,-812453,-104369037,3200000,-50431]","[""Ống cao su"",""Sơn hàng hải"",""Dịch vụ"",""Sơn Trang Trí"",""Gang thường - Gang Crom"",""Hàng phụ tùng"",""Nhân công sản xuất"",""Lô chổi giấy giáp"",""Máy - bơm - củ phát""]","[1632.6999999999998,162.0,16.0,73.52000000000001,798.0,980.4,4.0,162.0,1.0]","[0.0,38.0,1.0,0.0,0.0,4.0,0.0,0.0,0.0]",,"[46023752,58716619,-104369037,-9749333,14087713,23186759,3200000,197806,-50431]","[""Sơn hàng hải"",""Ống cao su"",""Hàng phụ tùng"",""Gang thường - Gang Crom"",""Nhân công sản xuất"",""Lô chổi giấy giáp""]","[162.0,1632.7,980.4,798.0,4.0,162.0]","[38.0,0.0,4.0,0.0,0.0,0.0]","[177583830,301524800,53717000,61232000,3200000,1159000]","[58716619,46023752,23186759,14087713,3200000,197806]","[""Máy - bơm - củ phát"",""Nhân công sản xuất"",""Dịch vụ"",""Vật tư ngành nước"",""Sơn Trang Trí"",""Sơn hàng hải"",""Lô chổi giấy giáp"",""Gang thường - Gang Crom"",""Hàng phụ tùng"",""Ống cao su""]","[1.0,4.0,16.0,21.0,73.52,162.0,162.0,798.0,980.4,1632.7]","[0.0,0.0,1.0,2.0,0.0,38.0,0.0,0.0,4.0,0.0]","[500000,3200000,114598814,-2080000,71110100,177583830,1159000,61232000,53717000,301524800]","[-50431,3200000,-104369037,-812453,-9749333,58716619,197806,14087713,23186759,46023752]","[""Máy - bơm - củ phát"",""Lô chổi giấy giáp"",""Nhân công sản xuất"",""Hàng phụ tùng"",""Gang thường - Gang Crom"",""Sơn Trang Trí"",""Dịch vụ"",""Sơn hàng hải"",""Ống cao su""]","[1.0,162.0,4.0,980.4,798.0,73.52,16.0,162.0,1632.7]","[0.0,0.0,0.0,4.0,0.0,0.0,1.0,38.0,0.0]","[500000,1159000,3200000,53717000,61232000,71110100,114598814,177583830,301524800]","[-50431,197806,3200000,23186759,14087713,-9749333,-104369037,58716619,46023752]","[""Lô chổi giấy giáp"",""Nhân công sản xuất"",""Gang thường - Gang Crom"",""Hàng phụ tùng"",""Ống cao su"",""Sơn hàng hải""]","[162.0,4.0,798.0,980.4,1632.7,162.0]","[0.0,0.0,0.0,4.0,0.0,38.0]","[1159000,3200000,61232000,53717000,301524800,177583830]","[197806,3200000,14087713,23186759,46023752,58716619]","[""Bạt xanh gân sần CL"",""Dây thép"",""Sên crom 250 MC"",""Sên crom 200 - 460"",""Tuy ô dầu Nhật"",""Bạt xanh gân sần GS 150"",""Dây bô thái"",""Sắt 6"",""Đá cắt TQ 100"",""Mỡ bò xanh""]","[400.0,395.0,326.0,250.0,200.0,150.0,135.4,104.0,100.0,100.0]","[0.0,0.0,0.0,0.0,0.0,0.0,0.0,0.0,0.0,0.0]","[54000000,7900000,15322000,11500000,3400000,19500000,11102800,1872000,500000,1700000]","[11599999,1007865,2259251,1624999,1188209,2249999,1596469,291199,99999,199999]","[""Rồng đỏ TQ"",""CP PS VTT"",""Bạt xanh gân sần CL"",""PENGUARD TC RAL 7035 18,5L"",""PENGUARD FC STD RED 049"",""Rồng TH"",""Jotashield Bền Màu Toàn Diện"",""PENGUARD TC STD RED 049 20L"",""Bạt xanh gân sần GS 150"",""Ống chống nổ SNTQ""]","[140700000,107558814,54000000,34632000,29600000,26130000,24805000,23800000,19500000,18100000]","[0.0,0.0,0.0,0.0,0.0,0.0,0.0,2.0,0.0,0.0]","[140700000,107558814,54000000,34632000,29600000,26130000,24805000,23800000,19500000,18100000]","[16949999,-101409037,11599999,34632000,8399999,3679999,-11726207,5146112,2249999,2799999]","[""PENGUARD TC RAL 7035 18,5L"",""Rồng đỏ TQ"",""Bạt xanh gân sần CL"",""PENGUARD FC STD RED 049"",""Đai ống rồng 250"",""PENGUARD TC STD RED 049 20L"",""JOTAPRIME 500 ALU.REDTONED 20L"",""Rồng TH"",""ALKYDPRIMER QD RED 20L"",""Lãi vay""]","[9.0,10.0,400.0,10.0,27.0,10.0,12.0,20.0,10.0,1.0]","[0.0,0.0,0.0,0.0,4.0,2.0,5.0,0.0,0.0,0.0]","[34632000,140700000,54000000,29600000,8740000,23800000,17600000,26130000,17000000,3540000]","[34632000,16949999,11599999,8399999,7506469,5146112,4838890,3679999,3556875,3540000]","[""Túp 83*135"",""túp 83*132"",""Cước vận chuyển - Xe Bác Nhỡ"",""Củ ren 200"",""RP7"",""Cước vận chuyển - Xe Anh Dũng"",""Kìm điện"",""Bình dầu két nước máy 20"",""Trục 200"",""Nấm hộp AH""]","[0.3,0.4,1.0,1.0,1.0,1.0,1.0,1.0,1.0,1.0]","[0.0,0.0,0.0,0.0,0.0,0.0,0.0,0.0,0.0,0.0]","[450000,600000,200000,480000,0,100000,90000,500000,1700000,70000]","[179999,279999,-1,480000,-60001,-1,39999,-50431,549999,20994]","[""Giáp vuông 150"",""Lô nhỡ""]","[2.0,3.0]","[0.0,0.0]","[4000,60000]","[2229,18096]",,,,,,12478346.12121212,43.0,,"[0,1,2]","[37,5,1]","[86.05,11.63,2.33]","[605088844.00000000,218482000.00000000,875000.00000000]","[73.39,26.50,0.11]","[""Kênh trực tiếp"",""Tàu Mỹ Dung Đại Hùng 55"",""Hương Thảo 03"",""Tàu Nbs 4500 DWT"",""Tàu Xuân Bách 02 - Đồng Chưa"",""Tàu 7057"",""AN - Tàu BN 1395"",""AN - 5665"",""BN 1138""]","[5,0,0,0,0,0,0,0,0]","[33,1,1,1,1,1,1,1,1]","[1,0,0,0,0,0,0,0,0]","[""Vật tư tàu"",""Sơn hàng hải"",""Sơn trang trí"",""undefined""]","[534947614,211464130,72269100,5765000]","[13047502,19224011,5559161,2882500]","[""Sơn hàng hải"",""Vật tư tàu""]","[39.0,6.0]","[37580300,4320000]","[15.6,0.19]","[""Vật tư tàu"",""Sơn hàng hải"",""Sơn trang trí"",""undefined""]","[530627614,173883830,72269100,5765000]","[12942136,15807620,5559161,2882500]","[""Sơn hàng hải"",""undefined""]","[56157652,1537360]","[5105241,768680]","[309.64,374.99]","[""Vật tư tàu"",""Sơn trang trí"",""Sơn hàng hải"",""undefined""]","[41,13,11,2]","[1,2,3,4,5]","[99,102,65,44,31]","[29.03,29.91,19.06,12.9,9.09]","[44520666232,8588138926,2741981622,689276480,48103580]","[376578940,490102335,262092035,6267000,0]","[10130659302,1797983059,378694915,97156561,-39436675]","[0,1,2]","[35,6,1]","[83.33,14.29,2.38]",[0],[42],[100.0]
2025-04-21,500577674,276709,2025-04-07,2025-04-15,7 ngày trước đó,8,8,-1,512756708.0,48.376,68,1167395188.0,107453880.0,1059941308.0,874439629.1817446,185501678.8182557,8.5,145924398.5,13431735.0,132492663.5,109304953.64771809,23187709.85228196,191,6903.65,153533,26870,16226000,"[""Hàng phụ tùng"",""Ống cao su"",""Gang thường - Gang Crom"",""Sơn hàng hải"",""Máy - bơm - củ phát"",""Vật tư ngành nước"",""Dịch vụ"",""Sơn Trang Trí""]","[3170.0,2135.65,1135.0,446.0,51.0,40.0,19.0,2.0]","[0.0,0.0,0.0,95.0,0.0,0.0,0.0,0.0]","[108196500,225603250,161766000,333371300,119700000,5606000,105138258,560000]","[38694259,39229071,83041171,-18620960,13582792,1677999,27788389,108952]","[""Sơn hàng hải"",""Ống cao su"",""Gang thường - Gang Crom"",""Máy - bơm - củ phát"",""Hàng phụ tùng"",""Dịch vụ"",""Vật tư ngành nước"",""Sơn Trang Trí""]","[446.0,2135.65,1135.0,51.0,3170.0,19.0,40.0,2.0]","[95.0,0.0,0.0,0.0,0.0,0.0,0.0,0.0]","[333371300,225603250,161766000,119700000,108196500,105138258,5606000,560000]","[-18620960,39229071,83041171,13582792,38694259,27788389,1677999,108952]","[""Gang thường - Gang Crom"",""Ống cao su"",""Hàng phụ tùng"",""Dịch vụ"",""Máy - bơm - củ phát"",""Vật tư ngành nước"",""Sơn Trang Trí""]","[1135.0,2135.65,3170.0,19.0,51.0,40.0,2.0]","[0.0,0.0,0.0,0.0,0.0,0.0,0.0]","[161766000,225603250,108196500,105138258,119700000,5606000,560000]","[83041171,39229071,38694259,27788389,13582792,1677999,108952]","[""Sơn Trang Trí"",""Dịch vụ"",""Vật tư ngành nước"",""Máy - bơm - củ phát"",""Sơn hàng hải"",""Gang thường - Gang Crom"",""Ống cao su"",""Hàng phụ tùng""]","[2.0,19.0,40.0,51.0,446.0,1135.0,2135.65,3170.0]","[0.0,0.0,0.0,0.0,95.0,0.0,0.0,0.0]","[560000,105138258,5606000,119700000,333371300,161766000,225603250,108196500]","[108952,27788389,1677999,13582792,-18620960,83041171,39229071,38694259]","[""Sơn Trang Trí"",""Vật tư ngành nước"",""Dịch vụ"",""Hàng phụ tùng"",""Máy - bơm - củ phát"",""Gang thường - Gang Crom"",""Ống cao su"",""Sơn hàng hải""]","[2.0,40.0,19.0,3170.0,51.0,1135.0,2135.65,446.0]","[0.0,0.0,0.0,0.0,0.0,0.0,0.0,95.0]","[560000,5606000,105138258,108196500,119700000,161766000,225603250,333371300]","[108952,1677999,27788389,38694259,13582792,83041171,39229071,-18620960]","[""Sơn Trang Trí"",""Vật tư ngành nước"",""Máy - bơm - củ phát"",""Dịch vụ"",""Hàng phụ tùng"",""Ống cao su"",""Gang thường - Gang Crom""]","[2.0,40.0,51.0,19.0,3170.0,2135.65,1135.0]","[0.0,0.0,0.0,0.0,0.0,0.0,0.0]","[560000,5606000,119700000,105138258,108196500,225603250,161766000]","[108952,1677999,13582792,27788389,38694259,39229071,83041171]","[""Dây thép"",""Bạt xanh gân sần CL"",""Sên crom 200 - 460"",""BL 12*50+LĐVE+Ê"",""BL 10*50+LĐVE+Ê"",""BL 8*30+LĐVE+Ê"",""BL 10*30+LĐVE+Ê"",""Zoăng"",""Zoăng"",""Tuy ô""]","[1006.5,550.0,500.0,483.0,460.0,400.0,270.0,154.0,134.0,120.0]","[0.0,0.0,0.0,0.0,0.0,0.0,0.0,0.0,0.0,0.0]","[20130000,74250000,23000000,1690500,1380000,920000,810000,5330000,1513000,1800000]","[2692180,15949999,3249999,882972,878121,778939,637839,1915251,455070,713673]","[""JOTAPRIME 500 ALUMINIUM 20L"",""CP PS VTT"",""JOTAPRIME 500 ALU.REDTONED 20L"",""Bạt xanh gân sần CL"",""Rồng TH"",""Bầu dầu + Bích ren 200CR TY"",""PENGUARD TC STD RED 049 20L"",""Máy QuanTrai Nhập Khẩu"",""JOTUN THINNER NO.17 20L"",""Rồng đỏ TQ""]","[131300000,101388258,75200000,74250000,64800000,64000000,47600000,45000000,31240000,30000000]","[13.0,0.0,20.0,0.0,0.0,0.0,4.0,0.0,7.0,0.0]","[131300000,101388258,75200000,74250000,64800000,64000000,47600000,45000000,31240000,30000000]","[32179999,41694497,21317813,15949999,9549999,64000000,-74900001,6299999,4740598,3599999]","[""Bầu dầu + Bích ren 200CR TY"",""CP PS VTT"",""JOTAPRIME 500 ALUMINIUM 20L"",""JOTAPRIME 500 ALU.REDTONED 20L"",""Bạt xanh gân sần CL"",""Rồng TH"",""Máy QuanTrai Nhập Khẩu"",""JOTUN THINNER NO.17 20L"",""JOTAPRIME 500 COMPB 4L"",""Rồng đỏ TQ""]","[2.0,3.0,72.0,52.0,550.0,65.0,6.0,33.0,75.0,2.0]","[0.0,0.0,13.0,20.0,0.0,0.0,0.0,7.0,19.0,0.0]","[64000000,101388258,131300000,75200000,74250000,64800000,45000000,31240000,4220000,30000000]","[64000000,41694497,32179999,21317813,15949999,9549999,6299999,4740598,4211431,3599999]","[""Túp 83*135"",""Túp 65*95"",""Tô đóng"",""Củ phát"",""Vách"",""Ba lăng xích kéo"",""Bích ren 200"",""Bộ vào xéc măng"",""Tô vít điện"",""Cước vận chuyển - Xe Anh Long""]","[0.2,0.2,1.0,1.0,1.0,1.0,1.0,1.0,1.0,1.0]","[0.0,0.0,0.0,0.0,0.0,0.0,0.0,0.0,0.0,0.0]","[300000,140000,60000,8700000,250000,3000000,2650000,220000,40000,0]","[119999,55563,24999,1299999,69230,3000000,602262,79999,21999,-300001]","[""Ốc"",""BL 10*40+LĐVE+Ê"",""Long đen phẳng""]","[1.0,3.0,16.0]","[0.0,0.0,0.0]","[6000,9000,11200]","[3299,8137,9318]",,,,,,17562957.39393939,40.0,,"[0,1,2]","[33,5,2]","[82.5,12.5,5.0]","[953291188.00000000,205864000.00000000,8240000.00000000]","[81.66,17.63,0.71]","[""Kênh trực tiếp"",""Tàu Nbs 4500 DWT"",""VM - Tàu 5742"",""Tàu 4245"",""VM - Tàu 3499"",""ALLSEA - LS VENUS"",""Tàu Xuân Bách 02 - Đồng Chưa"",""Tàu Sao Đỏ 08"",""Hương Thảo 02 - HD5919"",""HD 6779""]","[5,1,0,0,0,0,0,0,0,0]","[22,6,1,1,1,1,1,1,1,1]","[2,0,0,0,0,0,0,0,0,0]","[""Vật tư tàu"",""Sơn hàng hải"",""undefined"",""Sơn trang trí""]","[705270008,453325180,8240000,560000]","[15672666,22666259,4120000,560000]","[""Sơn hàng hải""]",[95.0],[107453880],[17.27],"[""Vật tư tàu"",""Sơn hàng hải"",""undefined"",""Sơn trang trí""]","[705270008,345871300,8240000,560000]","[15672666,17293565,4120000,560000]","[""Vật tư tàu"",""undefined"",""Sơn trang trí""]","[200931556,2005067,108952]","[4465145,1002533,108952]","[351.0,410.96,513.99]","[""Vật tư tàu"",""Sơn hàng hải"",""undefined"",""Sơn trang trí""]","[45,20,2,1]","[1,2,3,4,5]","[98,101,62,44,31]","[29.17,30.06,18.45,13.1,9.23]","[43828828488,8551875826,2707181622,689276480,48103580]","[336198640,488582335,262092035,6267000,0]","[10106916688,1789540696,391853950,97156561,-39436675]","[0,1]","[29,9]","[76.32,23.68]",[0],[38],[100.0]
