run_date,retailer_id,branch_id,timeframe_start,timeframe_end,timeframe_type,num_day,num_day_sell,top_channel,net_revenue_top_channel,percentage_net_revenue_top_channel,num_invoice_sell,total_revenue,total_return_revenue,net_revenue,total_cost,gross_profit,num_invoice_sell_per_day,revenue_per_day,total_return_revenue_per_day,net_revenue_per_day,total_cost_per_day,gross_profit_per_day,num_types,actual_sold,avg_net_rev_per_product,avg_profit_per_product,new_product_net_revenue,pd_group_quan_name,pd_group_quan_by_quan,pd_group_re_quantity_by_quan,pd_group_net_rev_by_quan,pd_group_profit_by_quan,pd_group_net_rev_name,pd_group_quantity_by_net_rev,pd_group_re_quantity_by_net_rev,pd_group_net_revenue_by_net_rev,pd_group_profit_by_net_rev,pd_group_profit_name,pd_group_quantity_by_profit,pd_group_re_quantity_by_profit,pd_group_net_rev_by_profit,pd_group_profit_by_profit,pd_group_quan_name_lst,pd_group_quan_by_quan_lst,pd_group_re_quantity_by_quan_lst,pd_group_net_rev_by_quan_lst,pd_group_profit_by_quan_lst,pd_group_rev_name_lst,pd_group_quan_by_rev_lst,pd_group_re_quantity_by_rev_lst,pd_group_net_rev_by_rev_lst,pd_group_profit_by_rev_lst,pd_group_profit_name_lst,pd_group_quan_by_profit_lst,pd_group_re_quantity_by_profit_lst,pd_group_net_rev_by_profit_lst,pd_group_profit_by_profit_lst,pd_product_quan_name,pd_product_quan_by_quan,pd_product_re_quantity_by_quan,pd_product_net_rev_by_quan,pd_product_profit_by_quan,pd_product_net_rev_name,pd_product_quantity_by_net_rev,pd_product_re_quantity_by_net_rev,pd_product_net_revenue_by_net_rev,pd_product_profit_by_net_rev,pd_product_profit_name,pd_product_quantity_by_profit,pd_product_re_quantity_by_profit,pd_product_net_rev_by_profit,pd_product_profit_by_profit,pd_product_quan_name_lst,pd_product_quan_by_quan_lst,pd_product_re_quantity_by_quan_lst,pd_product_net_rev_by_quan_lst,pd_product_profit_by_quan_lst,pd_product_rev_name_lst,pd_product_quan_by_rev_lst,pd_product_re_quantity_by_rev_lst,pd_product_net_rev_by_rev_lst,pd_product_profit_by_rev_lst,pd_product_profit_name_lst,pd_product_quan_by_profit_lst,pd_product_re_quantity_by_profit_lst,pd_product_net_rev_by_profit_lst,pd_product_profit_by_profit_lst,avg_order_value,total_customer,repurchase_rate,group_customer_type,num_customer_type,customer_type_ratio,revenue_customer_type,revenue_customer_type_ratio,sale_channels,num_customer_new_array,num_customer_old_array,num_customer_unknown_array,grouping_customer_top10_revenue,revenue_group_customer,revenue_per_invoice_group_customer,grouping_customer_top10_num_return,num_return_group_customer,return_value_group_customer,return_rate_group_customer,grouping_customer_top10_net_revenue,net_revenue_group_customer,net_revenue_per_invoice_group_customer,grouping_customer_top10_profit,profit_group_customer,profit_per_invoice_group_customer,profit_margin_group_customer,grouping_customer_top10_num_invoice,num_invoice_group_customer,grouping_customer_rfm,num_customer_rfm,customer_ratio_rfm,revenue_rfm,return_value_rfm,profit_rfm,customer_gender,num_customer_gender,customer_ratio_gender,group_customer_age,num_customer_age,customer_ratio_age
2025-04-21,541173,32600,2025-03-22,2025-04-21,30 ngày gần nhất,30,30,261856,7182525832.0,84.7541,54481,8645951052.0,171399560.0,8474551492.0,6524850662.062367,1949700829.9376216,1816.0333333333333,288198368.4,5713318.666667,282485049.733333,217495022.0687456,64990027.664587386,494,68179.0,124298,28596,0,"[""Dược Mỹ Phẩm"",""Mỹ Phẩm"",""Thuốc"",""Skincare"",""VẬT TƯ""]","[45042.0,14537.0,9169.0,851.0,37.0]","[791.0,396.0,263.0,7.0,0.0]","[6269050648,1115991539,1057522404,27810901,4176000]","[1459920263,242704489,237100174,5799900,4176000]","[""Dược Mỹ Phẩm"",""Mỹ Phẩm"",""Thuốc"",""Skincare"",""VẬT TƯ""]","[45042.0,14537.0,9169.0,851.0,37.0]","[791.0,396.0,263.0,7.0,0.0]","[6269050648,1115991539,1057522404,27810901,4176000]","[1459920263,242704489,237100174,5799900,4176000]","[""Dược Mỹ Phẩm"",""Mỹ Phẩm"",""Thuốc"",""Skincare"",""VẬT TƯ""]","[45042.0,14537.0,9169.0,851.0,37.0]","[791.0,396.0,263.0,7.0,0.0]","[6269050648,1115991539,1057522404,27810901,4176000]","[1459920263,242704489,237100174,5799900,4176000]","[""VẬT TƯ"",""Skincare"",""Thuốc"",""Mỹ Phẩm"",""Dược Mỹ Phẩm""]","[37.0,851.0,9169.0,14537.0,45042.0]","[0.0,7.0,263.0,396.0,791.0]","[4176000,27810901,1057522404,1115991539,6269050648]","[4176000,5799900,237100174,242704489,1459920263]","[""VẬT TƯ"",""Skincare"",""Thuốc"",""Mỹ Phẩm"",""Dược Mỹ Phẩm""]","[37.0,851.0,9169.0,14537.0,45042.0]","[0.0,7.0,263.0,396.0,791.0]","[4176000,27810901,1057522404,1115991539,6269050648]","[4176000,5799900,237100174,242704489,1459920263]","[""VẬT TƯ"",""Skincare"",""Thuốc"",""Mỹ Phẩm"",""Dược Mỹ Phẩm""]","[37.0,851.0,9169.0,14537.0,45042.0]","[0.0,7.0,263.0,396.0,791.0]","[4176000,27810901,1057522404,1115991539,6269050648]","[4176000,5799900,237100174,242704489,1459920263]","[""TRẮNG ADVANCED NOURISH - Sữa rửa mặt HADA LABO dưỡng ẩm 80G"",""Derma forte ADCANCED"",""XANH ANCE CARE DA MỤN - Sữa rửa mặt HADA LABO 80G"",""XANH TRẮNG DA PERFECT WHITE - Sữa rửa mặt HADA LABO Tranexemic Acid Cleanser 80G"",""Bông tẩy trang LIKADO 222 miếng"",""Megaduo Gel - Bản Thường 15g"",""Derma forte (bản thường)"",""Nước tẩy trang JMSolution Water Luminous SOS Ringer Cleansing Water Black 850ml"",""ĐỎ PRO ANTI AGING - Sữa rửa mặt HADA LABO 80G"",""Drceutics Nước Tẩy Trang Ultra-mild OLIVE Cleansing Water 500ml""]","[6009.0,2629.0,2568.0,2501.0,2211.0,2092.0,2006.0,2000.0,1901.0,1900.0]","[150.0,87.0,78.0,83.0,28.0,65.0,52.0,14.0,58.0,45.0]","[404673678,286426217,207362743,201328047,68431651,256180649,202424941,316691715,153355328,284288010]","[68542847,69664792,43861872,54213196,23636490,43832128,44573004,87353714,37246327,73003509]","[""TRẮNG ADVANCED NOURISH - Sữa rửa mặt HADA LABO dưỡng ẩm 80G"",""Nước tẩy trang JMSolution Water Luminous SOS Ringer Cleansing Water Black 850ml"",""Derma forte ADCANCED"",""Drceutics Nước Tẩy Trang Ultra-mild OLIVE Cleansing Water 500ml"",""Megaduo Gel - Bản Thường 15g"",""Megaduo - BẢN PLUS 15g"",""Sữa rửa mặt Farmona Dermacos"",""XANH ANCE CARE DA MỤN - Sữa rửa mặt HADA LABO 80G"",""Nhũ tương mượt da toàn thân Ziaja"",""Derma forte (bản thường)""]","[404673678,316691715,286426217,284288010,256180649,216349469,214806037,207362743,207119205,202424941]","[150.0,14.0,87.0,45.0,65.0,39.0,6.0,78.0,4.0,52.0]","[404673678,316691715,286426217,284288010,256180649,216349469,214806037,207362743,207119205,202424941]","[68542847,87353714,69664792,73003509,43832128,44877468,13982836,43861872,12773204,44573004]","[""Nước tẩy trang JMSolution Water Luminous SOS Ringer Cleansing Water Black 850ml"",""Drceutics Nước Tẩy Trang Ultra-mild OLIVE Cleansing Water 500ml"",""Derma forte ADCANCED"",""TRẮNG ADVANCED NOURISH - Sữa rửa mặt HADA LABO dưỡng ẩm 80G"",""XANH TRẮNG DA PERFECT WHITE - Sữa rửa mặt HADA LABO Tranexemic Acid Cleanser 80G"",""Megaduo - BẢN PLUS 15g"",""Derma forte (bản thường)"",""XANH ANCE CARE DA MỤN - Sữa rửa mặt HADA LABO 80G"",""Megaduo Gel - Bản Thường 15g"",""ĐỎ PRO ANTI AGING - Sữa rửa mặt HADA LABO 80G""]","[2000.0,1900.0,2629.0,6009.0,2501.0,1570.0,2006.0,2568.0,2092.0,1901.0]","[14.0,45.0,87.0,150.0,83.0,39.0,52.0,78.0,65.0,58.0]","[316691715,284288010,286426217,404673678,201328047,216349469,202424941,207362743,256180649,153355328]","[87353714,73003509,69664792,68542847,54213196,44877468,44573004,43861872,43832128,37246327]","[""NẮP TRẮNG - Kem Dưỡng Skin1004 Madagascar Soothing Centella Cream 75ml"",""Serum URIAGE URIAGE BARIÉDERM-CICA DAILY SERUM 30ml"",""Nước tẩy trang dịu nhẹ TOPICREM HYDRA+ GENTLE MICELLAR WATER 200ml"",""Dầu Gội Khô Batiste Dry Shampoo - ROSE- Hương Hoa Hồng 200ml"",""Sữa rửa mặt giúp diệt khuẩn & cân bằng pH Benzac pH Control Antibacterial Wash 150ml"",""Sữa tắm cho da nhạy cảm Eucerin pH5 1000ml"",""QUÀ TẶNG - Lotion chống nắng Sunplay dưỡng thể trắng mịn 15g"",""Mặt nạ dưỡng da NATURE REPUBLIC REAL NATURE ROSE MASK SHEET 23m"",""Quà Tặng - Kem chống nắng Farmona sun Oil Free 50ml DATE 4/2025"",""Kem chống nắng BABE Super Fluid Mattifying sunscreen SPF 50 50ml""]","[1.0,1.0,1.0,1.0,1.0,1.0,1.0,1.0,1.0,1.0]","[0.0,1.0,1.0,0.0,0.0,0.0,0.0,0.0,0.0,0.0]","[305000,0,13000,139000,300000,441000,36000,19000,441335,437000]","[83999,-1,12999,70999,114793,116999,34999,7599,440334,118499]",,,,,,,,,,,158695.78403187,52317.0,,"[0,1,2]","[20895,31412,10]","[39.94,60.04,0.02]","[3950899372.00000000,4693418680.00000000,1633000.00000000]","[45.70,54.28,0.02]","[""Dr Thêm Official Store"",""Dr Thêm"",""Mila Cosmetics Store"",""Kênh trực tiếp""]","[26319,4129,965,15]","[19731,387,768,34]","[6,2,1,1]","[""undefined""]",[8645951052],[158696],"[""undefined""]",[1457.0],[171399560],[2.09],"[""undefined""]",[8474551492],[155550],"[""undefined""]",[1949700829],[35786],[434.66],"[""undefined""]",[54481],"[1,2,3,4,5]","[29145,48962,108224,163885,259572]","[4.78,8.03,17.75,26.88,42.57]","[26102306653,19606354576,29003016029,31742443644,27331466632]","[479573204,521630077,665646856,690993059,586379586]","[5652915643,4209279568,6309222546,7149865589,5936608180]","[0,1,2]","[52271,2,34]","[99.93,0.0,0.07]",[0],[52307],[100.0]
2025-04-21,541173,32600,2025-04-01,2025-04-21,tháng này,20,20,261856,4898699592.0,84.9332,36909,5885815322.0,118106360.0,5767708962.0,4460957254.042219,1306751707.957782,1845.45,294290766.1,5905318.0,288385448.1,223047862.70211092,65337585.3978891,472,45970.0,125466,28426,0,"[""Dược Mỹ Phẩm"",""Mỹ Phẩm"",""Thuốc"",""Skincare"",""VẬT TƯ""]","[30080.0,9921.0,6375.0,522.0,34.0]","[507.0,270.0,180.0,5.0,0.0]","[4252668014,757221358,736302759,17340831,4176000]","[972790259,162281423,163681192,3822830,4176000]","[""Dược Mỹ Phẩm"",""Mỹ Phẩm"",""Thuốc"",""Skincare"",""VẬT TƯ""]","[30080.0,9921.0,6375.0,522.0,34.0]","[507.0,270.0,180.0,5.0,0.0]","[4252668014,757221358,736302759,17340831,4176000]","[972790259,162281423,163681192,3822830,4176000]","[""Dược Mỹ Phẩm"",""Thuốc"",""Mỹ Phẩm"",""VẬT TƯ"",""Skincare""]","[30080.0,6375.0,9921.0,34.0,522.0]","[507.0,180.0,270.0,0.0,5.0]","[4252668014,736302759,757221358,4176000,17340831]","[972790259,163681192,162281423,4176000,3822830]","[""VẬT TƯ"",""Skincare"",""Thuốc"",""Mỹ Phẩm"",""Dược Mỹ Phẩm""]","[34.0,522.0,6375.0,9921.0,30080.0]","[0.0,5.0,180.0,270.0,507.0]","[4176000,17340831,736302759,757221358,4252668014]","[4176000,3822830,163681192,162281423,972790259]","[""VẬT TƯ"",""Skincare"",""Thuốc"",""Mỹ Phẩm"",""Dược Mỹ Phẩm""]","[34.0,522.0,6375.0,9921.0,30080.0]","[0.0,5.0,180.0,270.0,507.0]","[4176000,17340831,736302759,757221358,4252668014]","[4176000,3822830,163681192,162281423,972790259]","[""Skincare"",""VẬT TƯ"",""Mỹ Phẩm"",""Thuốc"",""Dược Mỹ Phẩm""]","[522.0,34.0,9921.0,6375.0,30080.0]","[5.0,0.0,270.0,180.0,507.0]","[17340831,4176000,757221358,736302759,4252668014]","[3822830,4176000,162281423,163681192,972790259]","[""TRẮNG ADVANCED NOURISH - Sữa rửa mặt HADA LABO dưỡng ẩm 80G"",""Derma forte ADCANCED"",""XANH ANCE CARE DA MỤN - Sữa rửa mặt HADA LABO 80G"",""XANH TRẮNG DA PERFECT WHITE - Sữa rửa mặt HADA LABO Tranexemic Acid Cleanser 80G"",""Nước tẩy trang JMSolution Water Luminous SOS Ringer Cleansing Water Black 850ml"",""Megaduo Gel - Bản Thường 15g"",""Bông tẩy trang LIKADO 222 miếng"",""Derma forte (bản thường)"",""Drceutics Nước Tẩy Trang Ultra-mild OLIVE Cleansing Water 500ml"",""ĐỎ PRO ANTI AGING - Sữa rửa mặt HADA LABO 80G""]","[4264.0,1782.0,1727.0,1684.0,1516.0,1505.0,1438.0,1389.0,1265.0,1240.0]","[105.0,61.0,51.0,59.0,8.0,38.0,16.0,35.0,32.0,39.0]","[287276104,193510629,139700437,135420322,239405723,184204405,45118284,141063438,189239930,100019907]","[48674273,46757516,29649248,34628651,67427722,30521484,15938843,31681901,48801229,24356906]","[""TRẮNG ADVANCED NOURISH - Sữa rửa mặt HADA LABO dưỡng ẩm 80G"",""Nước tẩy trang JMSolution Water Luminous SOS Ringer Cleansing Water Black 850ml"",""Derma forte ADCANCED"",""Drceutics Nước Tẩy Trang Ultra-mild OLIVE Cleansing Water 500ml"",""Megaduo Gel - Bản Thường 15g"",""Sữa rửa mặt Farmona Dermacos"",""Megaduo - BẢN PLUS 15g"",""Nhũ tương mượt da toàn thân Ziaja"",""Derma forte (bản thường)"",""XANH ANCE CARE DA MỤN - Sữa rửa mặt HADA LABO 80G""]","[287276104,239405723,193510629,189239930,184204405,160100277,152899938,151809545,141063438,139700437]","[105.0,8.0,61.0,32.0,38.0,4.0,30.0,4.0,35.0,51.0]","[287276104,239405723,193510629,189239930,184204405,160100277,152899938,151809545,141063438,139700437]","[48674273,67427722,46757516,48801229,30521484,8214676,31379937,7971544,31681901,29649248]","[""Nước tẩy trang JMSolution Water Luminous SOS Ringer Cleansing Water Black 850ml"",""Drceutics Nước Tẩy Trang Ultra-mild OLIVE Cleansing Water 500ml"",""TRẮNG ADVANCED NOURISH - Sữa rửa mặt HADA LABO dưỡng ẩm 80G"",""Derma forte ADCANCED"",""XANH TRẮNG DA PERFECT WHITE - Sữa rửa mặt HADA LABO Tranexemic Acid Cleanser 80G"",""Derma forte (bản thường)"",""Megaduo - BẢN PLUS 15g"",""Megaduo Gel - Bản Thường 15g"",""XANH ANCE CARE DA MỤN - Sữa rửa mặt HADA LABO 80G"",""Nước tẩy trang JMSOLUTION DERMA CARE CENTELLA CLEANSING WATER Clear 500ml""]","[1516.0,1265.0,4264.0,1782.0,1684.0,1389.0,1115.0,1505.0,1727.0,1044.0]","[8.0,32.0,105.0,61.0,59.0,35.0,30.0,38.0,51.0,8.0]","[239405723,189239930,287276104,193510629,135420322,141063438,152899938,184204405,139700437,131612592]","[67427722,48801229,48674273,46757516,34628651,31681901,31379937,30521484,29649248,29048591]","[""Son Dưỡng Môi Uriage STICK LÈVRES HYDRATANT 4g"",""Dầu Gội Khô Batiste Dry Shampoo - ORlGINAL- Hương Cổ Điển Nguyên Bản 200ml"",""Sữa tắm bé hoa cúc CETAPHIL BABY W&SHAMPOO CALENDULA 230ML"",""Gel Chấm Mụn Laboratorios Babé Spot Control Gel 8ml"",""Serum DA MẶT siêu cấp ẩm & giảm nếp nhăn Revitalift Pure Hyaluronic Acid 1.5% 30ml"",""Mặt nạ dưỡng da NATURE REPUBLIC REAL NATURE ROSE MASK SHEET 23m"",""Kem dưỡng ẩm PORE BIODERMA"",""Nước tẩy trang dịu nhẹ TOPICREM HYDRA+ GENTLE MICELLAR WATER 200ml"",""Sữa rửa mặt dạng gel Garnier 2% [BHA, Vitamin C] cho da dầu mụn 120ml"",""Tinh chất dưỡng ẩm Klairs Rich Moist Soothing Serum""]","[1.0,1.0,1.0,1.0,1.0,1.0,1.0,1.0,1.0,1.0]","[0.0,0.0,0.0,0.0,0.0,0.0,0.0,1.0,1.0,0.0]","[184000,141000,181000,245270,407000,19000,433000,13000,0,325000]","[44999,72999,35799,66269,75999,7599,102999,12999,-1,88213]",,,,,,,,,,,159467.25716144,35805.0,,"[0,1,2]","[14829,20966,10]","[41.42,58.56,0.03]","[2755739692.00000000,3128442630.00000000,1633000.00000000]","[46.82,53.15,0.03]","[""Dr Thêm Official Store"",""Dr Thêm"",""Mila Cosmetics Store"",""Kênh trực tiếp""]","[17526,2739,701,12]","[13947,292,575,28]","[6,2,1,1]","[""undefined""]",[5885815322],[159468],"[""undefined""]",[962.0],[118106360],[2.05],"[""undefined""]",[5767708962],[156268],"[""undefined""]",[1306751707],[35404],[441.38],"[""undefined""]",[36909],"[1,2,3,4,5]","[29145,48962,108224,163885,259572]","[4.78,8.03,17.75,26.88,42.57]","[26102306653,19606354576,29003016029,31742443644,27331466632]","[479573204,521630077,665646856,690993059,586379586]","[5652915643,4209279568,6309222546,7149865589,5936608180]","[0,2]","[35765,30]","[99.92,0.08]",[0],[35795],[100.0]
2025-04-21,541173,32600,2025-04-14,2025-04-21,7 ngày gần nhất,7,7,261856,1809928836.0,86.213,13487,2137364236.0,37996200.0,2099368036.0,1628429574.015549,470938461.9844504,1926.7142857142856,305337748.0,5428028.571429,299909719.428571,232632796.28793555,67276923.14063576,412,16883.0,124348,27894,0,"[""Dược Mỹ Phẩm"",""Mỹ Phẩm"",""Thuốc"",""Skincare"",""VẬT TƯ""]","[11234.0,3753.0,2028.0,188.0,6.0]","[159.0,93.0,72.0,2.0,0.0]","[1573180091,286713149,232926543,6328253,220000]","[355696744,61775155,51751307,1495252,220000]","[""Dược Mỹ Phẩm"",""Mỹ Phẩm"",""Thuốc"",""Skincare"",""VẬT TƯ""]","[11234.0,3753.0,2028.0,188.0,6.0]","[159.0,93.0,72.0,2.0,0.0]",,"[355696744,61775155,51751307,1495252,220000]","[""Dược Mỹ Phẩm"",""Mỹ Phẩm"",""Thuốc"",""Skincare"",""VẬT TƯ""]","[11234.0,3753.0,2028.0,188.0,6.0]","[159.0,93.0,72.0,2.0,0.0]","[1573180091,286713149,232926543,6328253,220000]","[355696744,61775155,51751307,1495252,220000]","[""VẬT TƯ"",""Skincare"",""Thuốc"",""Mỹ Phẩm"",""Dược Mỹ Phẩm""]","[6.0,188.0,2028.0,3753.0,11234.0]","[0.0,2.0,72.0,93.0,159.0]","[220000,6328253,232926543,286713149,1573180091]","[220000,1495252,51751307,61775155,355696744]","[""VẬT TƯ"",""Skincare"",""Thuốc"",""Mỹ Phẩm"",""Dược Mỹ Phẩm""]","[6.0,188.0,2028.0,3753.0,11234.0]","[0.0,2.0,72.0,93.0,159.0]","[220000,6328253,232926543,286713149,1573180091]","[220000,1495252,51751307,61775155,355696744]","[""VẬT TƯ"",""Skincare"",""Thuốc"",""Mỹ Phẩm"",""Dược Mỹ Phẩm""]","[6.0,188.0,2028.0,3753.0,11234.0]","[0.0,2.0,72.0,93.0,159.0]","[220000,6328253,232926543,286713149,1573180091]","[220000,1495252,51751307,61775155,355696744]","[""TRẮNG ADVANCED NOURISH - Sữa rửa mặt HADA LABO dưỡng ẩm 80G"",""XANH TRẮNG DA PERFECT WHITE - Sữa rửa mặt HADA LABO Tranexemic Acid Cleanser 80G"",""XANH ANCE CARE DA MỤN - Sữa rửa mặt HADA LABO 80G"",""Nước tẩy trang JMSolution Water Luminous SOS Ringer Cleansing Water Black 850ml"",""Derma forte ADCANCED"",""Bông tẩy trang LIKADO 222 miếng"",""Megaduo Gel - Bản Thường 15g"",""Drceutics Nước Tẩy Trang Ultra-mild OLIVE Cleansing Water 500ml"",""ĐỎ PRO ANTI AGING - Sữa rửa mặt HADA LABO 80G"",""Derma forte (bản thường)""]","[1600.0,707.0,658.0,564.0,560.0,549.0,501.0,484.0,459.0,432.0]","[41.0,23.0,14.0,4.0,25.0,3.0,14.0,6.0,12.0,11.0]","[107629572,56878414,53522202,88880201,60563967,17391840,61079720,73381691,37181940,43844340]","[18189741,14470413,11235229,25040200,14943446,6187919,10061599,18937490,9020939,9834275]","[""TRẮNG ADVANCED NOURISH - Sữa rửa mặt HADA LABO dưỡng ẩm 80G"",""Nước tẩy trang JMSolution Water Luminous SOS Ringer Cleansing Water Black 850ml"",""Drceutics Nước Tẩy Trang Ultra-mild OLIVE Cleansing Water 500ml"",""Sữa rửa mặt Farmona Dermacos"",""Megaduo Gel - Bản Thường 15g"",""Derma forte ADCANCED"",""XANH TRẮNG DA PERFECT WHITE - Sữa rửa mặt HADA LABO Tranexemic Acid Cleanser 80G"",""XANH ANCE CARE DA MỤN - Sữa rửa mặt HADA LABO 80G"",""55g - Kem chống nắng Sunplay Skin Aqua Clear White"",""Nhũ tương mượt da toàn thân Ziaja""]","[107629572,88880201,73381691,63546418,61079720,60563967,56878414,53522202,53027552,50416030]","[41.0,4.0,6.0,1.0,14.0,25.0,23.0,14.0,2.0,1.0]","[107629572,88880201,73381691,63546418,61079720,60563967,56878414,53522202,53027552,50416030]","[18189741,25040200,18937490,3568017,10061599,14943446,14470413,11235229,12323551,2836029]","[""Nước tẩy trang JMSolution Water Luminous SOS Ringer Cleansing Water Black 850ml"",""Drceutics Nước Tẩy Trang Ultra-mild OLIVE Cleansing Water 500ml"",""TRẮNG ADVANCED NOURISH - Sữa rửa mặt HADA LABO dưỡng ẩm 80G"",""Derma forte ADCANCED"",""XANH TRẮNG DA PERFECT WHITE - Sữa rửa mặt HADA LABO Tranexemic Acid Cleanser 80G"",""55g - Kem chống nắng Sunplay Skin Aqua Clear White"",""XANH ANCE CARE DA MỤN - Sữa rửa mặt HADA LABO 80G"",""Nước tẩy trang JMSOLUTION DERMA CARE CENTELLA CLEANSING WATER Clear 500ml"",""Megaduo Gel - Bản Thường 15g"",""Derma forte (bản thường)""]","[564.0,484.0,1600.0,560.0,707.0,320.0,658.0,386.0,501.0,432.0]","[4.0,6.0,41.0,25.0,23.0,2.0,14.0,6.0,14.0,11.0]","[88880201,73381691,107629572,60563967,56878414,53027552,53522202,48292862,61079720,43844340]","[25040200,18937490,18189741,14943446,14470413,12323551,11235229,10672861,10061599,9834275]","[""Xịt Khoáng Cấp Ẩm, Làm Dịu Da, Giảm Kích Ứng Avene Thermal Spring Water 50ml"",""320979-70558-Mặt Nạ Tóc Cao Cấp Phục Hồi Hư Tổn 180G(Tsubaki PREMIUM EX REPAIR MASK 180G)"",""Dầu Gội Khô Batiste Dry Shampoo - CHERRY- Hương Anh Đào 200ml"",""Kem chống nắng Skin1004 Madagascar Centella Air-Fit Suncream Plus 20ml"",""Xịt Dưỡng Dịu Da Tăng Cường Hiệu Quả Bởi B5 Ziaja Med Kuracja Naczynkowa Tonik 200ml"",""Drceutics sTANDARD TONER 200ML"",""Xịt khoáng Eeucerin HYALURON 150ml"",""Serum dưỡng trắng Hada Labo Perfect White Tranexamic Acid Serum 30ml"",""CHAI HỒNG - Sữa rửa mặt cho da nhạy cảm Bioderma Sensibio Gel Moussant 200ml"",""DrCeutics Serum Vitamin C 16% Và Tranexamic Acid 3%""]","[1.0,1.0,1.0,1.0,1.0,1.0,1.0,1.0,1.0,1.0]","[1.0,0.0,0.0,1.0,0.0,0.0,0.0,0.0,0.0,0.0]","[-2000,201000,141000,0,396000,200000,246105,325815,401000,308000]","[-2001,30990,72999,0,44799,52599,55104,81374,91599,80199]",,,,,,,,,,,158475.88314673,13239.0,,"[0,1]","[5607,7632]","[42.35,57.65]","[1025969640.00000000,1111394596.00000000]","[48.00,52.00]","[""Dr Thêm Official Store"",""Dr Thêm"",""Mila Cosmetics Store"",""Kênh trực tiếp""]","[6494,910,226,5]","[5295,112,202,3]","[0,0,0,0]","[""undefined""]",[2137364236],[158475],"[""undefined""]",[326.0],[37996200],[1.89],"[""undefined""]",[2099368036],[155658],"[""undefined""]",[470938461],[34917],[445.78],"[""undefined""]",[13487],"[1,2,3,4,5]","[29145,48962,108224,163885,259572]","[4.78,8.03,17.75,26.88,42.57]","[26102306653,19606354576,29003016029,31742443644,27331466632]","[479573204,521630077,665646856,690993059,586379586]","[5652915643,4209279568,6309222546,7149865589,5936608180]","[0,2]","[13232,7]","[99.95,0.05]",[0],[13239],[100.0]
2025-04-21,541173,32600,2025-02-20,2025-03-23,30 ngày trước đó,31,31,261856,8541170708.0,86.2735,63944,10127836307.0,227732500.0,9900103807.0,7517473377.075345,2382630429.924625,2062.709677419354,326704397.0,7346209.677419,319358187.322581,242499141.19597888,76859046.1266008,500,83366.0,118754,28580,190000,"[""Dược Mỹ Phẩm"",""Mỹ Phẩm"",""Thuốc"",""Skincare"",""VẬT TƯ""]","[57017.0,17234.0,10203.0,808.0,60.0]","[1152.0,473.0,328.0,3.0,0.0]","[7372215332,1310502369,1179670570,25972337,11743200]","[1804612240,296070057,265348094,4856836,11743200]","[""Dược Mỹ Phẩm"",""Mỹ Phẩm"",""Thuốc"",""Skincare"",""VẬT TƯ""]","[57017.0,17234.0,10203.0,808.0,60.0]","[1152.0,473.0,328.0,3.0,0.0]","[7372215332,1310502369,1179670570,25972337,11743200]","[1804612240,296070057,265348094,4856836,11743200]","[""Dược Mỹ Phẩm"",""Mỹ Phẩm"",""Thuốc"",""VẬT TƯ"",""Skincare""]","[57017.0,17234.0,10203.0,60.0,808.0]","[1152.0,473.0,328.0,0.0,3.0]","[7372215332,1310502369,1179670570,11743200,25972337]","[1804612240,296070057,265348094,11743200,4856836]","[""VẬT TƯ"",""Skincare"",""Thuốc"",""Mỹ Phẩm"",""Dược Mỹ Phẩm""]","[60.0,808.0,10203.0,17234.0,57017.0]","[0.0,3.0,328.0,473.0,1152.0]","[11743200,25972337,1179670570,1310502369,7372215332]","[11743200,4856836,265348094,296070057,1804612240]","[""VẬT TƯ"",""Skincare"",""Thuốc"",""Mỹ Phẩm"",""Dược Mỹ Phẩm""]","[60.0,808.0,10203.0,17234.0,57017.0]","[0.0,3.0,328.0,473.0,1152.0]","[11743200,25972337,1179670570,1310502369,7372215332]","[11743200,4856836,265348094,296070057,1804612240]","[""Skincare"",""VẬT TƯ"",""Thuốc"",""Mỹ Phẩm"",""Dược Mỹ Phẩm""]","[808.0,60.0,10203.0,17234.0,57017.0]","[3.0,0.0,328.0,473.0,1152.0]","[25972337,11743200,1179670570,1310502369,7372215332]","[4856836,11743200,265348094,296070057,1804612240]","[""TRẮNG ADVANCED NOURISH - Sữa rửa mặt HADA LABO dưỡng ẩm 80G"",""XANH ANCE CARE DA MỤN - Sữa rửa mặt HADA LABO 80G"",""XANH TRẮNG DA PERFECT WHITE - Sữa rửa mặt HADA LABO Tranexemic Acid Cleanser 80G"",""Derma forte ADCANCED"",""Quà tặng - Perfecta Kem đêm siêu nhẹ kiềm dầu mụn da ngừa mụn giảm sẹo thâm 50ml"",""Drceutics Nước Tẩy Trang Ultra-mild OLIVE Cleansing Water 500ml"",""Bông tẩy trang LIKADO 222 miếng"",""Megaduo Gel - Bản Thường 15g"",""ĐỎ PRO ANTI AGING - Sữa rửa mặt HADA LABO 80G"",""Derma forte (bản thường)""]","[7060.0,2919.0,2911.0,2888.0,2661.0,2597.0,2512.0,2275.0,2244.0,2147.0]","[192.0,97.0,83.0,111.0,23.0,61.0,39.0,61.0,48.0,66.0]","[474293923,234363396,234807319,311645227,89000,387619221,75536724,284775702,186020218,212529093]","[80248322,49060746,72586218,74844882,-2549001,98768820,24790763,52837061,47643217,44417588]","[""TRẮNG ADVANCED NOURISH - Sữa rửa mặt HADA LABO dưỡng ẩm 80G"",""Drceutics Nước Tẩy Trang Ultra-mild OLIVE Cleansing Water 500ml"",""Derma forte ADCANCED"",""Nước tẩy trang JMSolution Water Luminous SOS Ringer Cleansing Water Black 850ml"",""Megaduo Gel - Bản Thường 15g"",""Megaduo - BẢN PLUS 15g"",""55g - Kem chống nắng Sunplay Skin Aqua Clear White"",""XANH TRẮNG DA PERFECT WHITE - Sữa rửa mặt HADA LABO Tranexemic Acid Cleanser 80G"",""XANH ANCE CARE DA MỤN - Sữa rửa mặt HADA LABO 80G"",""FOAMING 236ml - Da Dầu - Sữa rửa mặt Cerave Foaming Cleanser 236mlml""]","[474293923,387619221,311645227,295001321,284775702,266139283,252685603,234807319,234363396,233774420]","[192.0,61.0,111.0,24.0,61.0,62.0,32.0,83.0,97.0,28.0]","[474293923,387619221,311645227,295001321,284775702,266139283,252685603,234807319,234363396,233774420]","[80248322,98768820,74844882,76001320,52837061,57035282,61479602,72586218,49060746,58116616]","[""Drceutics Nước Tẩy Trang Ultra-mild OLIVE Cleansing Water 500ml"",""TRẮNG ADVANCED NOURISH - Sữa rửa mặt HADA LABO dưỡng ẩm 80G"",""Nước tẩy trang JMSolution Water Luminous SOS Ringer Cleansing Water Black 850ml"",""Derma forte ADCANCED"",""XANH TRẮNG DA PERFECT WHITE - Sữa rửa mặt HADA LABO Tranexemic Acid Cleanser 80G"",""55g - Kem chống nắng Sunplay Skin Aqua Clear White"",""FOAMING 236ml - Da Dầu - Sữa rửa mặt Cerave Foaming Cleanser 236mlml"",""Megaduo - BẢN PLUS 15g"",""Megaduo Gel - Bản Thường 15g"",""XANH ANCE CARE DA MỤN - Sữa rửa mặt HADA LABO 80G""]","[2597.0,7060.0,1849.0,2888.0,2911.0,1592.0,816.0,1929.0,2275.0,2919.0]","[61.0,192.0,24.0,111.0,83.0,32.0,28.0,62.0,61.0,97.0]","[387619221,474293923,295001321,311645227,234807319,252685603,233774420,266139283,284775702,234363396]","[98768820,80248322,76001320,74844882,72586218,61479602,58116616,57035282,52837061,49060746]","[""Sữa chống nắng bí đao Winter melon sun fluid 50ml"",""Quà Tặng - Gương Cầm Tay Benzac"",""Dầu Gội Khô Batiste Dry Shampoo - BARE- Hương Thiên Nhiên 200ml"",""Kem làm dịu và phòng ngừa hăm tã Cetaphil Baby Diaper Cream với hoa cúc Calendula hữu cơ 70g"",""Quà tặng - Serum Kuevid B5 pro 30ml"",""Dầu xả TSUBAKI - XANH 490ml 355789-70818"",""Sữa Dưỡng Thể Vaseline Gluta-Hya Body Tone-Up Nâng Tông Tức Thì Gấp 4 Lần 300ML"",""Kem chống nắng Cetaphil Baby Sun Kids 150ml"",""Sữa rửa mặt BABE Stop Akn Purifying Cleansing gel cho da dầu mụn 100ml"",""Nước Cân Bằng BHA Tẩy Tế Bào Chết, Làm Sạch Sâu Da oh!oh! BHA toner : b (75ml)""]","[1.0,1.0,1.0,1.0,1.0,1.0,1.0,1.0,1.0,1.0]","[0.0,0.0,0.0,0.0,0.0,0.0,0.0,0.0,1.0,0.0]","[358686,0,139000,219000,90000,145000,145000,525000,-1000,450000]","[111085,-1001,70999,51619,88999,21094,143999,97999,-1001,91199]",,,,,,,,,,,158386.87958647,61346.0,,"[0,1,2]","[22547,38793,6]","[36.75,63.24,0.01]","[4245326013.00000000,5881614294.00000000,896000.00000000]","[41.92,58.07,0.01]","[""Dr Thêm Official Store"",""Dr Thêm"",""Mila Cosmetics Store"",""Kênh trực tiếp"",""SỈ""]","[32754,5293,743,13,0]","[21508,366,643,48,1]","[3,0,0,3,0]","[""undefined"",""Khách sỉ""]","[10127236307,600000]","[158379,600000]","[""undefined""]",[1956.0],[227732500],[2.29],"[""undefined"",""Khách sỉ""]","[9899503807,600000]","[154817,600000]","[""undefined"",""Khách sỉ""]","[2382371517,258911]","[37257,258911]","[415.53,231.74]","[""undefined"",""Khách sỉ""]","[63943,1]","[1,2,3,4,5]","[28946,48564,88888,151391,259572]","[5.01,8.41,15.4,26.22,44.96]","[23458455961,18707192436,25096773009,30832716244,27331466632]","[434876424,498839797,584851756,667740659,586379586]","[5102996811,3998381418,5416082980,6922611617,5936608180]","[0,1,2]","[61293,5,42]","[99.92,0.01,0.07]",[0],[61340],[100.0]
2025-04-21,541173,32600,2025-04-07,2025-04-15,7 ngày trước đó,8,8,261856,1546528654.0,83.6619,12323,1901150444.0,52605090.0,1848545354.0,1418220075.0139728,430325278.9860269,1540.375,237643805.5,6575636.25,231068169.25,177277509.3767466,53790659.87325337,404,15290.0,120898,28144,0,"[""Dược Mỹ Phẩm"",""Mỹ Phẩm"",""Thuốc"",""Skincare"",""VẬT TƯ""]","[9852.0,3352.0,2297.0,176.0,28.0]","[213.0,123.0,78.0,1.0,0.0]","[1320344103,253109738,265154832,5980681,3956000]","[311944005,53914294,59108296,1402680,3956000]","[""Dược Mỹ Phẩm"",""Thuốc"",""Mỹ Phẩm"",""Skincare"",""VẬT TƯ""]","[9852.0,2297.0,3352.0,176.0,28.0]","[213.0,78.0,123.0,1.0,0.0]","[1320344103,265154832,253109738,5980681,3956000]","[311944005,59108296,53914294,1402680,3956000]","[""Dược Mỹ Phẩm"",""Thuốc"",""Mỹ Phẩm"",""VẬT TƯ"",""Skincare""]","[9852.0,2297.0,3352.0,28.0,176.0]","[213.0,78.0,123.0,0.0,1.0]","[1320344103,265154832,253109738,3956000,5980681]","[311944005,59108296,53914294,3956000,1402680]","[""VẬT TƯ"",""Skincare"",""Thuốc"",""Mỹ Phẩm"",""Dược Mỹ Phẩm""]","[28.0,176.0,2297.0,3352.0,9852.0]","[0.0,1.0,78.0,123.0,213.0]","[3956000,5980681,265154832,253109738,1320344103]","[3956000,1402680,59108296,53914294,311944005]","[""VẬT TƯ"",""Skincare"",""Mỹ Phẩm"",""Thuốc"",""Dược Mỹ Phẩm""]","[28.0,176.0,3352.0,2297.0,9852.0]","[0.0,1.0,123.0,78.0,213.0]","[3956000,5980681,253109738,265154832,1320344103]","[3956000,1402680,53914294,59108296,311944005]","[""Skincare"",""VẬT TƯ"",""Mỹ Phẩm"",""Thuốc"",""Dược Mỹ Phẩm""]","[176.0,28.0,3352.0,2297.0,9852.0]","[1.0,0.0,123.0,78.0,213.0]","[5980681,3956000,253109738,265154832,1320344103]","[1402680,3956000,53914294,59108296,311944005]","[""TRẮNG ADVANCED NOURISH - Sữa rửa mặt HADA LABO dưỡng ẩm 80G"",""XANH ANCE CARE DA MỤN - Sữa rửa mặt HADA LABO 80G"",""Derma forte ADCANCED"",""Megaduo Gel - Bản Thường 15g"",""XANH TRẮNG DA PERFECT WHITE - Sữa rửa mặt HADA LABO Tranexemic Acid Cleanser 80G"",""Bông tẩy trang LIKADO 222 miếng"",""Derma forte (bản thường)"",""Nước tẩy trang JMSolution Water Luminous SOS Ringer Cleansing Water Black 850ml"",""Megaduo - BẢN PLUS 15g"",""Drceutics Nước Tẩy Trang Ultra-mild OLIVE Cleansing Water 500ml""]","[1413.0,647.0,628.0,563.0,560.0,508.0,479.0,437.0,416.0,408.0]","[48.0,21.0,27.0,18.0,29.0,1.0,15.0,5.0,11.0,14.0]","[94245360,52118682,68027577,68347365,44161978,16073026,48348481,68576814,57066688,60550197]","[15935309,11013643,16779104,11253164,11239977,5669385,10864704,19328813,11706687,15673596]","[""TRẮNG ADVANCED NOURISH - Sữa rửa mặt HADA LABO dưỡng ẩm 80G"",""Nước tẩy trang JMSolution Water Luminous SOS Ringer Cleansing Water Black 850ml"",""Megaduo Gel - Bản Thường 15g"",""Derma forte ADCANCED"",""Drceutics Nước Tẩy Trang Ultra-mild OLIVE Cleansing Water 500ml"",""Megaduo - BẢN PLUS 15g"",""XANH ANCE CARE DA MỤN - Sữa rửa mặt HADA LABO 80G"",""Derma forte (bản thường)"",""Nước tẩy trang JMSOLUTION DERMA CARE CENTELLA CLEANSING WATER Clear 500ml"",""XANH TRẮNG DA PERFECT WHITE - Sữa rửa mặt HADA LABO Tranexemic Acid Cleanser 80G""]","[94245360,68576814,68347365,68027577,60550197,57066688,52118682,48348481,44341299,44161978]","[48.0,5.0,18.0,27.0,14.0,11.0,21.0,15.0,5.0,29.0]","[94245360,68576814,68347365,68027577,60550197,57066688,52118682,48348481,44341299,44161978]","[15935309,19328813,11253164,16779104,15673596,11706687,11013643,10864704,9790298,11239977]","[""Nước tẩy trang JMSolution Water Luminous SOS Ringer Cleansing Water Black 850ml"",""Derma forte ADCANCED"",""TRẮNG ADVANCED NOURISH - Sữa rửa mặt HADA LABO dưỡng ẩm 80G"",""Drceutics Nước Tẩy Trang Ultra-mild OLIVE Cleansing Water 500ml"",""Megaduo - BẢN PLUS 15g"",""Megaduo Gel - Bản Thường 15g"",""XANH TRẮNG DA PERFECT WHITE - Sữa rửa mặt HADA LABO Tranexemic Acid Cleanser 80G"",""XANH ANCE CARE DA MỤN - Sữa rửa mặt HADA LABO 80G"",""Derma forte (bản thường)"",""Nước tẩy trang JMSOLUTION DERMA CARE CENTELLA CLEANSING WATER Clear 500ml""]","[437.0,628.0,1413.0,408.0,416.0,563.0,560.0,647.0,479.0,354.0]","[5.0,27.0,48.0,14.0,11.0,18.0,29.0,21.0,15.0,5.0]","[68576814,68027577,94245360,60550197,57066688,68347365,44161978,52118682,48348481,44341299]","[19328813,16779104,15935309,15673596,11706687,11253164,11239977,11013643,10864704,9790298]","[""Sữa dưỡng ẩm hoa cúc CETAPHIL BABY LOTION WITH ORGANIC CALENDULA 400ML"",""Nước Cân Bằng BHA Tẩy Tế Bào Chết, Làm Sạch Sâu Da oh!oh! BHA toner : b (75ml)"",""Kem chống nắng L’Oreal Paris UV Defender - Matte Fresh 50ml - 4705"",""Gel tẩy da chết bioderma sebium gel gommant 100ml"",""Gel rửa mặt cho da dầu mụn TOPICREM AC Purifying Cleansing Gel 200ml"",""(170ml - Advanced - CHO DA THƯỜNG KHÔ) Dung dịch dưỡng ẩm Hada Labo Advanced Nourish Hyaluronic Acid Lotion For Normal to Dry Skin"",""Nước tẩy trang dành cho da dầu mụn TOPICREM AC PURIFYING MICELLAR WATER 200ml"",""Dầu gội đầu TSUBAKI - ĐỎ Dưỡng tóc bóng mượt (TSUBAKI PREMIUM MOIST SHAMPOO 490ML)320989-70630"",""Tinh Chất Lô Hội Tái Tạo Liền Sẹo Perfecta Face Mask Elixir Serum 100% Aloe Vera Juice"",""Dầu Gội Khô Batiste Dry Shampoo - VOLUME - Làm Phồng Tóc 200ml""]","[1.0,1.0,1.0,1.0,1.0,1.0,1.0,1.0,1.0,1.0]","[0.0,0.0,0.0,0.0,1.0,0.0,0.0,0.0,0.0,0.0]","[301000,487000,311000,367000,-16000,187000,255000,137000,260100,162000]","[63399,128199,69576,64399,-16001,48018,63499,13094,30099,83999]",,,,,,,,,,,154269.26370503,12116.0,,"[0,1,2]","[4750,7356,10]","[39.2,60.71,0.08]","[837442710.00000000,1062074734.00000000,1633000.00000000]","[44.05,55.86,0.09]","[""Dr Thêm Official Store"",""Dr Thêm"",""Mila Cosmetics Store"",""Kênh trực tiếp""]","[6000,1109,243,7]","[4448,117,161,25]","[6,2,1,1]","[""undefined""]",[1901150444],[154276],"[""undefined""]",[415.0],[52605090],[2.64],"[""undefined""]",[1848545354],[150007],"[""undefined""]",[430325278],[34920],[429.57],"[""undefined""]",[12323],"[1,2,3,4,5]","[29120,48926,103813,161033,259572]","[4.83,8.12,17.23,26.73,43.09]","[25486283703,19401452636,28119368773,31538352844,27331466632]","[475162404,518134077,654283806,688024059,586379586]","[5525812505,4160196904,6113792837,7099525559,5936608180]","[0,2]","[12083,23]","[99.81,0.19]",[0],[12106],[100.0]
2025-04-21,541173,32600,2025-03-01,2025-04-01,tháng trước,31,31,261856,8314120058.0,86.2171,62682,9839873188.0,196633650.0,9643239538.0,7330351876.073821,2312887661.926155,2022.0,317415264.12903225,6343020.967742,311072243.16129,236462963.7443168,74609279.41697274,505,81445.0,118401,28398,190000,"[""Dược Mỹ Phẩm"",""Mỹ Phẩm"",""Thuốc"",""Skincare"",""VẬT TƯ""]","[55393.0,16901.0,9917.0,944.0,47.0]","[1037.0,438.0,278.0,4.0,0.0]","[7164760620,1290192176,1149200596,30216945,8869200]","[1746825440,291267981,260248092,5676944,8869200]","[""Dược Mỹ Phẩm"",""Mỹ Phẩm"",""Thuốc"",""Skincare"",""VẬT TƯ""]","[55393.0,16901.0,9917.0,944.0,47.0]","[1037.0,438.0,278.0,4.0,0.0]","[7164760620,1290192176,1149200596,30216945,8869200]","[1746825440,291267981,260248092,5676944,8869200]","[""Dược Mỹ Phẩm"",""Mỹ Phẩm"",""Thuốc"",""VẬT TƯ"",""Skincare""]","[55393.0,16901.0,9917.0,47.0,944.0]","[1037.0,438.0,278.0,0.0,4.0]","[7164760620,1290192176,1149200596,8869200,30216945]","[1746825440,291267981,260248092,8869200,5676944]","[""VẬT TƯ"",""Skincare"",""Thuốc"",""Mỹ Phẩm"",""Dược Mỹ Phẩm""]","[47.0,944.0,9917.0,16901.0,55393.0]","[0.0,4.0,278.0,438.0,1037.0]","[8869200,30216945,1149200596,1290192176,7164760620]","[8869200,5676944,260248092,291267981,1746825440]","[""VẬT TƯ"",""Skincare"",""Thuốc"",""Mỹ Phẩm"",""Dược Mỹ Phẩm""]","[47.0,944.0,9917.0,16901.0,55393.0]","[0.0,4.0,278.0,438.0,1037.0]","[8869200,30216945,1149200596,1290192176,7164760620]","[8869200,5676944,260248092,291267981,1746825440]","[""Skincare"",""VẬT TƯ"",""Thuốc"",""Mỹ Phẩm"",""Dược Mỹ Phẩm""]","[944.0,47.0,9917.0,16901.0,55393.0]","[4.0,0.0,278.0,438.0,1037.0]","[30216945,8869200,1149200596,1290192176,7164760620]","[5676944,8869200,260248092,291267981,1746825440]","[""TRẮNG ADVANCED NOURISH - Sữa rửa mặt HADA LABO dưỡng ẩm 80G"",""XANH TRẮNG DA PERFECT WHITE - Sữa rửa mặt HADA LABO Tranexemic Acid Cleanser 80G"",""XANH ANCE CARE DA MỤN - Sữa rửa mặt HADA LABO 80G"",""Derma forte ADCANCED"",""Bông tẩy trang LIKADO 222 miếng"",""Drceutics Nước Tẩy Trang Ultra-mild OLIVE Cleansing Water 500ml"",""Quà tặng - Perfecta Kem đêm siêu nhẹ kiềm dầu mụn da ngừa mụn giảm sẹo thâm 50ml"",""ĐỎ PRO ANTI AGING - Sữa rửa mặt HADA LABO 80G"",""Megaduo Gel - Bản Thường 15g"",""Derma forte (bản thường)""]","[6770.0,2940.0,2936.0,2808.0,2633.0,2542.0,2479.0,2232.0,2139.0,2130.0]","[168.0,82.0,96.0,83.0,32.0,53.0,45.0,46.0,65.0,60.0]","[455937150,237348294,235917879,306706175,79550934,380313361,20000,184137485,266619105,211530196]","[77180409,72551433,49434958,74339974,26178413,96816260,-2414001,46420484,49346864,44307315]","[""TRẮNG ADVANCED NOURISH - Sữa rửa mặt HADA LABO dưỡng ẩm 80G"",""Drceutics Nước Tẩy Trang Ultra-mild OLIVE Cleansing Water 500ml"",""Derma forte ADCANCED"",""Nước tẩy trang JMSolution Water Luminous SOS Ringer Cleansing Water Black 850ml"",""Megaduo Gel - Bản Thường 15g"",""Megaduo - BẢN PLUS 15g"",""XANH TRẮNG DA PERFECT WHITE - Sữa rửa mặt HADA LABO Tranexemic Acid Cleanser 80G"",""XANH ANCE CARE DA MỤN - Sữa rửa mặt HADA LABO 80G"",""55g - Kem chống nắng Sunplay Skin Aqua Clear White"",""Derma forte (bản thường)""]","[455937150,380313361,306706175,281679310,266619105,255550328,237348294,235917879,220615066,211530196]","[168.0,53.0,83.0,23.0,65.0,45.0,82.0,96.0,34.0,60.0]","[455937150,380313361,306706175,281679310,266619105,255550328,237348294,235917879,220615066,211530196]","[77180409,96816260,74339974,72399309,49346864,54622327,72551433,49434958,53619065,44307315]","[""Drceutics Nước Tẩy Trang Ultra-mild OLIVE Cleansing Water 500ml"",""TRẮNG ADVANCED NOURISH - Sữa rửa mặt HADA LABO dưỡng ẩm 80G"",""Derma forte ADCANCED"",""XANH TRẮNG DA PERFECT WHITE - Sữa rửa mặt HADA LABO Tranexemic Acid Cleanser 80G"",""Nước tẩy trang JMSolution Water Luminous SOS Ringer Cleansing Water Black 850ml"",""Megaduo - BẢN PLUS 15g"",""55g - Kem chống nắng Sunplay Skin Aqua Clear White"",""XANH ANCE CARE DA MỤN - Sữa rửa mặt HADA LABO 80G"",""Megaduo Gel - Bản Thường 15g"",""ĐỎ PRO ANTI AGING - Sữa rửa mặt HADA LABO 80G""]","[2542.0,6770.0,2808.0,2940.0,1767.0,1839.0,1383.0,2936.0,2139.0,2232.0]","[53.0,168.0,83.0,82.0,23.0,45.0,34.0,96.0,65.0,46.0]","[380313361,455937150,306706175,237348294,281679310,255550328,220615066,235917879,266619105,184137485]","[96816260,77180409,74339974,72551433,72399309,54622327,53619065,49434958,49346864,46420484]","[""Sữa tắm cho da nhạy cảm Eucerin pH5 1000ml"",""Dầu Gội Khô Batiste Dry Shampoo - ORlGINAL- Hương Cổ Điển Nguyên Bản 200ml"",""Kem Dưỡng Cho Da Kích Ứng Uriage Bariederm Cica-Creme Repart (40ml)"",""Dầu gội ngăn ngừa và giảm rụng tóc (ĐỎ) Vichy Dercos Energising Aminexil Stimulant Shampoo Hairloss 200ml"",""Dầu Gội Khô Batiste Dry Shampoo - ROSE- Hương Hoa Hồng 200ml"",""Sữa rửa mặt giúp diệt khuẩn & cân bằng pH Benzac pH Control Antibacterial Wash 150ml"",""Dầu Gội Khô Batiste Dry Shampoo - BLUSH - Hương Phấn Hoa 200ml"",""QUÀ TẶNG - Túi quà tăng cetaphil"",""Sữa rửa mặt Cetaphil Oily Skin Cleanser 500ml"",""Qùa Tặng - Sữa chống nắng bí đao 5ml""]","[1.0,1.0,1.0,1.0,1.0,1.0,1.0,1.0,1.0,1.0]","[0.0,0.0,0.0,0.0,0.0,0.0,0.0,0.0,0.0,0.0]","[441000,139000,299000,358000,139000,300000,139000,0,489000,0]","[116999,70999,78999,96549,70999,114793,70999,-1001,122999,-247601]",,,,,,,,,,,156981.20882592,60118.0,,"[0,1,2]","[22970,37145,3]","[38.21,61.79,0.0]","[4335924920.00000000,5503500268.00000000,448000.00000000]","[44.06,55.93,0.00]","[""Dr Thêm Official Store"",""Dr Thêm"",""Mila Cosmetics Store"",""Kênh trực tiếp"",""SỈ""]","[31523,4859,754,14,0]","[21906,347,700,36,1]","[3,0,0,0,0]","[""undefined""]",[9839873188],[156980],"[""undefined""]",[1757.0],[196633650],[2.11],"[""undefined""]",[9643239538],[153843],"[""undefined""]",[2312887661],[36898],[416.94],"[""undefined""]",[62682],"[1,2,3,4,5]","[29027,48751,94479,155448,259572]","[4.94,8.3,16.09,26.47,44.2]","[24226131431,18976172256,26235467349,31132167544,27331466632]","[448282304,505358777,610544096,675416659,586379586]","[5266645128,4063371746,5685869856,6999041360,5936608180]","[0,1,2]","[60079,5,31]","[99.94,0.01,0.05]",[0],[60115],[100.0]
