run_date,retailer_id,branch_id,timeframe_start,timeframe_end,timeframe_type,num_day,num_day_sell,top_channel,net_revenue_top_channel,percentage_net_revenue_top_channel,num_invoice_sell,total_revenue,total_return_revenue,net_revenue,total_cost,gross_profit,num_invoice_sell_per_day,revenue_per_day,total_return_revenue_per_day,net_revenue_per_day,total_cost_per_day,gross_profit_per_day,bs_category_rev_name_rev,bs_group_revenue,bs_group_revenue_per_inv,bs_category_re_name,bs_group_re_quantity,bs_group_re_revenue,bs_group_return_percent,bs_group_net_rev_name,bs_group_net_revenue,bs_group_net_revenue_per_invoice,bs_group_profit_name,bs_group_profit,bs_group_profit_per_invoice,bs_group_profit_margin,bs_group_inv_name,bs_group_nob_inv,bs_product_rev_name,bs_product_revenue,bs_product_revenue_per_inv,bs_product_re_name,bs_product_re_quantity,bs_product_re_revenue,bs_product_return_percent,bs_product_net_rev_name,bs_product_net_revenue,bs_product_net_revenue_per_invoice,bs_product_profit_name,bs_product_profit,bs_product_profit_per_invoice,bs_product_profit_margin,bs_product_inv_name,bs_product_nob_inv,bs_channel_rev_name,bs_channel_revenue,bs_channel_revenue_per_inv,bs_channel_re_name,bs_channel_re_quantity,bs_channel_re_revenue,bs_channel_return_percent,bs_channel_net_rev_name,bs_channel_net_revenue,bs_channel_net_revenue_per_invoice,bs_channel_profit_name,bs_channel_profit,bs_channel_profit_per_invoice,bs_channel_profit_margin,bs_channel_inv_name,bs_channel_nob_inv,num_types,actual_sold,avg_net_rev_per_product,avg_profit_per_product,new_product_net_revenue,pd_group_quan_name,pd_group_quan_by_quan,pd_group_re_quantity_by_quan,pd_group_net_rev_by_quan,pd_group_profit_by_quan,pd_group_net_rev_name,pd_group_quantity_by_net_rev,pd_group_re_quantity_by_net_rev,pd_group_net_revenue_by_net_rev,pd_group_profit_by_net_rev,pd_group_profit_name,pd_group_quantity_by_profit,pd_group_re_quantity_by_profit,pd_group_net_rev_by_profit,pd_group_profit_by_profit,pd_group_quan_name_lst,pd_group_quan_by_quan_lst,pd_group_re_quantity_by_quan_lst,pd_group_net_rev_by_quan_lst,pd_group_profit_by_quan_lst,pd_group_rev_name_lst,pd_group_quan_by_rev_lst,pd_group_re_quantity_by_rev_lst,pd_group_net_rev_by_rev_lst,pd_group_profit_by_rev_lst,pd_group_profit_name_lst,pd_group_quan_by_profit_lst,pd_group_re_quantity_by_profit_lst,pd_group_net_rev_by_profit_lst,pd_group_profit_by_profit_lst,pd_product_quan_name,pd_product_quan_by_quan,pd_product_re_quantity_by_quan,pd_product_net_rev_by_quan,pd_product_profit_by_quan,pd_product_net_rev_name,pd_product_quantity_by_net_rev,pd_product_re_quantity_by_net_rev,pd_product_net_revenue_by_net_rev,pd_product_profit_by_net_rev,pd_product_profit_name,pd_product_quantity_by_profit,pd_product_re_quantity_by_profit,pd_product_net_rev_by_profit,pd_product_profit_by_profit,pd_product_quan_name_lst,pd_product_quan_by_quan_lst,pd_product_re_quantity_by_quan_lst,pd_product_net_rev_by_quan_lst,pd_product_profit_by_quan_lst,pd_product_rev_name_lst,pd_product_quan_by_rev_lst,pd_product_re_quantity_by_rev_lst,pd_product_net_rev_by_rev_lst,pd_product_profit_by_rev_lst,pd_product_profit_name_lst,pd_product_quan_by_profit_lst,pd_product_re_quantity_by_profit_lst,pd_product_net_rev_by_profit_lst,pd_product_profit_by_profit_lst,avg_order_value,total_customer,repurchase_rate,group_customer_type,num_customer_type,customer_type_ratio,revenue_customer_type,revenue_customer_type_ratio,sale_channels,num_customer_new_array,num_customer_old_array,num_customer_unknown_array,grouping_customer_top10_revenue,revenue_group_customer,revenue_per_invoice_group_customer,grouping_customer_top10_num_return,num_return_group_customer,return_value_group_customer,return_rate_group_customer,grouping_customer_top10_net_revenue,net_revenue_group_customer,net_revenue_per_invoice_group_customer,grouping_customer_top10_profit,profit_group_customer,profit_per_invoice_group_customer,profit_margin_group_customer,grouping_customer_top10_num_invoice,num_invoice_group_customer,customer_gender,num_customer_gender,customer_ratio_gender,group_customer_age,num_customer_age,customer_ratio_age
2025-04-21,500577674,276709,2025-04-01,2025-04-21,tháng này,20,20,-1,1773712552.0,54.5898,197,3416802972.0,167639180.0,3249163792.0,2576013564.859175,673150227.1408241,9.85,170840148.6,8381959.0,162458189.6,128800678.24295875,33657511.3570412,"[""Ống cao su"",""Sơn hàng hải"",""Gang thường - Gang Crom"",""Hàng phụ tùng"",""Dịch vụ"",""Máy - bơm - củ phát"",""Sơn Trang Trí"",""Vật tư ngành nước"",""Nhân công sản xuất"",""Lô chổi giấy giáp""]","[1090453891,959224250,526826926,244854233,240187072,224100000,110039600,13640000,6023000,1294000]","[5831304,7862494,4581104,607579,4367038,11205000,3143989,413333,860429,99538]","[""Sơn hàng hải"",""Ống cao su"",""Vật tư ngành nước"",""Gang thường - Gang Crom"",""Hàng phụ tùng"",""Dịch vụ""]","[133,2,2,1,7,1]","[145034180,14855000,2800000,2650000,2300000,0]","[17.97,0.02,1.75,0.02,0.1,1.82]","[""Ống cao su"",""Sơn hàng hải"",""Gang thường - Gang Crom"",""Hàng phụ tùng"",""Dịch vụ"",""Máy - bơm - củ phát"",""Sơn Trang Trí"",""Vật tư ngành nước"",""Nhân công sản xuất"",""Lô chổi giấy giáp""]","[1075598891,814190070,524176926,242554233,240187072,224100000,110039600,10840000,6023000,1294000]","[5751866,6673689,4558060,601872,4367038,11205000,3143989,328485,860429,99538]","[""Gang thường - Gang Crom"",""Ống cao su"",""Sơn hàng hải"",""Hàng phụ tùng"",""Máy - bơm - củ phát"",""Nhân công sản xuất"",""Vật tư ngành nước"",""Lô chổi giấy giáp"",""Đồ Tuy ô TL""]","[211777163,200050527,191323197,96211292,28639978,6023000,2404262,208386,160000]","[1841541,1069789,1568223,238738,1431999,860429,72856,16030,160000]","[40,18,23,39,12,100,22,16,100]","[""Hàng phụ tùng"",""Ống cao su"",""Sơn hàng hải"",""Gang thường - Gang Crom"",""Dịch vụ"",""Sơn Trang Trí"",""Vật tư ngành nước"",""Máy - bơm - củ phát"",""Lô chổi giấy giáp"",""Nhân công sản xuất""]","[403,187,122,115,55,35,33,20,13,7]","[""Bạt xanh gân sần CL"",""Rồng đỏ TQ"",""CP PS VTT"",""JOTAPRIME 500 ALU.REDTONED 20L"",""PENGUARD TC STD RED 049 20L"",""JOTAPRIME 500 ALUMINIUM 20L"",""Rồng TH"",""Dây thép"",""Bầu dầu + Bích ren 200CR TY"",""JOTUN THINNER NO.17 20L""]","[424970926,214800000,208947072,201250000,170951800,169400000,118130000,99994415,96000000,62626000]","[22366891,26850000,26118384,22361111,56983933,21175000,9086923,2380819,48000000,3914125]","[""JOTAPRIME 500 ALU.REDTONED 20L"",""JOTAPRIME 500 ALUMINIUM 20L"",""PENGUARD TC STD RED 049 20L"",""Rồng đỏ TQ"",""JOTUN THINNER NO.17 20L"",""PENGUARD TC STD BLUE 138 19,18L"",""JOTAMASTIC 80 ALU.REDTONED 18,3L"",""PENGUARD COMPB 4L"",""Cút hàn DN 219"",""Bích ren 200""]","[25,20,6,1,7,2,2,12,2,1]","[53750000,42750000,17100000,14800000,9790000,5466300,4911720,2850000,2800000,2650000]","[27.78,25.97,11.11,6.67,15.91,66.67,14.29,15.79,100.0,16.67]","[""Bạt xanh gân sần CL"",""CP PS VTT"",""Rồng đỏ TQ"",""PENGUARD TC STD RED 049 20L"",""JOTAPRIME 500 ALU.REDTONED 20L"",""JOTAPRIME 500 ALUMINIUM 20L"",""Rồng TH"",""Dây thép"",""Bầu dầu + Bích ren 200CR TY"",""Ống chống nổ 150""]","[424970926,208947072,200000000,153851800,147500000,126650000,118130000,99994415,96000000,60000000]","[22366891,26118384,25000000,51283933,16388889,15831250,9086923,2380819,48000000,6666667]","[""Bầu dầu + Bích ren 200CR TY"",""Bạt xanh gân sần CL"",""PENGUARD TC STD RED 049 20L"",""JOTAPRIME 500 ALU.REDTONED 20L"",""PENGUARD TC RAL 7035 18,5L"",""JOTAPRIME 500 ALUMINIUM 20L"",""Bầu dầu + Bích ren thường 200TY"",""Rồng đỏ TQ"",""Rồng TH"",""Dây thép""]","[96000000,91070926,37197912,37176704,34632000,32066000,29000000,24518000,17630000,15824919]","[48000000,4793207,12399304,4130745,34632000,4008250,29000000,3064750,1356154,376784]","[100,21,24,25,100,25,100,12,14,15]","[""Dây thép"",""Zoăng"",""C Lê Yeti"",""Bạt xanh gân sần CL"",""Vòng bi"",""Ống nhựa TP C2"",""JOTUN THINNER NO.17 20L"",""Zoăng"",""Van nhựa JR"",""Cước vận chuyển - Xe Chú Huân""]","[42,29,24,19,17,17,16,15,15,14]","[""SC1"",""Tàu Nbs 4500 DWT"",""MD - CT Dương Kinh Bắc Nam"",""ALLSEA - LS VENUS"",""MD - Bắc Nam"",""VM - Tàu 5742"",""CLienMH- Tau 6768"",""Cô Nga - Tàu Anh Hưng"",""Tàu 4245"",""C. HUYNH - TÀU HP 4386""]","[1865674152,397192580,125453000,118947800,90542700,76150000,61204000,60942500,59537000,58264000]","[12866718,28370899,62726500,118947800,45271350,76150000,61204000,60942500,29768500,58264000]","[""SC1"",""Tàu Nbs 4500 DWT"",""Tàu Xuân Bách 02 - Đồng Chưa"",""Chú Liêm - Tàu 5928""]","[80,19,7,2]","[91961600,23550000,8727580,500000]","[0,5,26,5]","[""SC1"",""Tàu Nbs 4500 DWT"",""MD - CT Dương Kinh Bắc Nam"",""ALLSEA - LS VENUS"",""MD - Bắc Nam"",""VM - Tàu 5742"",""CLienMH- Tau 6768"",""Cô Nga - Tàu Anh Hưng"",""Tàu 4245"",""C. HUYNH - TÀU HP 4386""]","[1773712552,373642580,125453000,118947800,90542700,76150000,61204000,60942500,59537000,58264000]","[12232500,26688756,62726500,118947800,45271350,76150000,61204000,60942500,29768500,58264000]","[""SC1"",""Tàu Nbs 4500 DWT"",""ALLSEA - LS VENUS"",""MD - CT Dương Kinh Bắc Nam"",""MD - Bắc Nam"",""C. HUYNH - TÀU HP 4386"",""CLienMH- Tau 6768"",""VM - Tàu 5742"",""C Trương SĐ - HP 4163"",""VM - Tàu 3499""]","[365606206,69608934,30874255,24404496,18290777,12424787,11931228,11840409,11823848,11720433]","[2521422,4972067,30874255,12202248,9145388,12424787,11931228,11840409,5911924,3906811]","[20,18,25,19,20,21,19,15,21,24]","[""SC1"",""Tàu Nbs 4500 DWT"",""VM - Tàu 3499"",""Tàu Xuân Bách 02 - Đồng Chưa"",""Tàu 4245"",""MD - Bắc Nam"",""C Trương SĐ - HP 4163"",""MD - CT Dương Kinh Bắc Nam"",""VM - Bông Tông Đình Vũ"",""C. HUYNH - TÀU HP 4386""]","[145,14,3,3,2,2,2,2,1,1]",395,22868,142082,29436,112157400,"[""Ống cao su"",""Hàng phụ tùng"",""Gang thường - Gang Crom"",""Sơn hàng hải"",""Lô chổi giấy giáp"",""Vật tư ngành nước"",""Sơn Trang Trí"",""Máy - bơm - củ phát"",""Dịch vụ"",""Nhân công sản xuất""]","[10544,7134,4022,740,214,114,108,69,55,8]","[2,7,1,133,0,2,0,0,1,0]","[1075598891,242554233,524176926,814190070,1294000,10840000,110039600,224100000,240187072,6023000]","[200050527,96211292,211777163,191323197,208386,2404262,-201214,28639978,-63446365,6023000]","[""Ống cao su"",""Sơn hàng hải"",""Gang thường - Gang Crom"",""Hàng phụ tùng"",""Dịch vụ"",""Máy - bơm - củ phát"",""Sơn Trang Trí"",""Vật tư ngành nước"",""Nhân công sản xuất"",""Lô chổi giấy giáp""]","[10544,740,4022,7134,55,69,108,114,8,214]","[2,133,1,7,1,0,0,2,0,0]","[1075598891,814190070,524176926,242554233,240187072,224100000,110039600,10840000,6023000,1294000]","[200050527,191323197,211777163,96211292,-63446365,28639978,-201214,2404262,6023000,208386]","[""Gang thường - Gang Crom"",""Ống cao su"",""Sơn hàng hải"",""Hàng phụ tùng"",""Máy - bơm - củ phát"",""Nhân công sản xuất"",""Vật tư ngành nước"",""Lô chổi giấy giáp"",""Đồ Tuy ô TL""]","[4022,10544,740,7134,69,8,114,214,4]","[1,2,133,7,0,0,2,0,0]","[524176926,1075598891,814190070,242554233,224100000,6023000,10840000,1294000,160000]","[211777163,200050527,191323197,96211292,28639978,6023000,2404262,208386,160000]","[""Đồ Tuy ô TL"",""Nhân công sản xuất"",""Dịch vụ"",""Máy - bơm - củ phát"",""Sơn Trang Trí"",""Vật tư ngành nước"",""Lô chổi giấy giáp"",""Sơn hàng hải"",""Gang thường - Gang Crom"",""Hàng phụ tùng""]","[4,8,55,69,108,114,214,740,4022,7134]","[0,0,1,0,0,2,0,133,1,7]","[160000,6023000,240187072,224100000,110039600,10840000,1294000,814190070,524176926,242554233]","[160000,6023000,-63446365,28639978,-201214,2404262,208386,191323197,211777163,96211292]","[""Đồ Tuy ô TL"",""Lô chổi giấy giáp"",""Nhân công sản xuất"",""Vật tư ngành nước"",""Sơn Trang Trí"",""Máy - bơm - củ phát"",""Dịch vụ"",""Hàng phụ tùng"",""Gang thường - Gang Crom"",""Sơn hàng hải""]","[4,214,8,114,108,69,55,7134,4022,740]","[0,0,0,2,0,0,1,7,1,133]","[160000,1294000,6023000,10840000,110039600,224100000,240187072,242554233,524176926,814190070]","[160000,208386,6023000,2404262,-201214,28639978,-63446365,96211292,211777163,191323197]","[""Đồ Tuy ô TL"",""Lô chổi giấy giáp"",""Vật tư ngành nước"",""Nhân công sản xuất"",""Máy - bơm - củ phát"",""Hàng phụ tùng"",""Sơn hàng hải"",""Ống cao su""]","[4,214,114,8,69,7134,740,10544]","[0,0,2,0,0,7,133,2]","[160000,1294000,10840000,6023000,224100000,242554233,814190070,1075598891]","[160000,208386,2404262,6023000,28639978,96211292,191323197,200050527]","[""Dây thép"",""Bạt xanh gân sần CL"",""BL 12*50+LĐVE+Ê"",""Sên crom 200 - 460"",""BL 10*50+LĐVE+Ê"",""Long đen vuông"",""Cánh crom 200"",""Bích hoa crom"",""Tuy ô"",""BL 8*30+LĐVE+Ê""]","[4936,3150,1011,1006,760,688,623,600,510,500]","[0,0,0,0,0,0,0,0,0,0]","[99994415,424970926,3538500,46276000,2280000,2064000,28619250,27600000,7650000,1150000]","[15824919,91070926,1848209,6539000,1450810,1038447,3480323,3900000,3789867,973675]","[""Bạt xanh gân sần CL"",""CP PS VTT"",""Rồng đỏ TQ"",""PENGUARD TC STD RED 049 20L"",""JOTAPRIME 500 ALU.REDTONED 20L"",""JOTAPRIME 500 ALUMINIUM 20L"",""Rồng TH"",""Dây thép"",""Bầu dầu + Bích ren 200CR TY"",""Ống chống nổ 150""]","[424970926,208947072,200000000,153851800,147500000,126650000,118130000,99994415,96000000,60000000]","[0,0,1,6,25,20,0,0,0,0]","[424970926,208947072,200000000,153851800,147500000,126650000,118130000,99994415,96000000,60000000]","[91070926,-59714538,24518000,37197912,37176704,32066000,17630000,15824919,96000000,11535176]","[""Bầu dầu + Bích ren 200CR TY"",""Bạt xanh gân sần CL"",""PENGUARD TC STD RED 049 20L"",""JOTAPRIME 500 ALU.REDTONED 20L"",""PENGUARD TC RAL 7035 18,5L"",""JOTAPRIME 500 ALUMINIUM 20L"",""Bầu dầu + Bích ren thường 200TY"",""Rồng đỏ TQ"",""Rồng TH"",""Dây thép""]","[3,3150,54,90,9,77,1,15,99,4936]","[0,0,6,25,0,20,0,1,0,0]","[96000000,424970926,153851800,147500000,34632000,126650000,29000000,200000000,118130000,99994415]","[96000000,91070926,37197912,37176704,34632000,32066000,29000000,24518000,17630000,15824919]","[""Túp 70*112 (Túp 150-TY)"",""túp 83*132"",""Túp 83*135"",""Bộ vào xéc măng"",""Túp 80*112"",""Hộp số 06A 3.5/1 KJY"",""PIONER TC WHITE 18.62L"",""Phớt loa 150"",""Củ ren 200"",""Ba lăng xích kéo""]","[0,0,0,1,1,1,1,1,1,1]","[0,0,0,0,0,0,0,1,0,0]","[65000,600000,750000,220000,800000,7000000,3400000,0,480000,3000000]","[65000,280000,300000,80000,150000,1434783,540000,0,480000,3000000]",,,,,,,,,,,17565401.91752577,86,97.65,"[0,1,2]","[68,15,3]","[79.07,17.44,3.49]","[2810719972.00000000,596968000.00000000,9115000.00000000]","[82.26,17.47,0.27]","[""Kênh trực tiếp"",""Tàu Nbs 4500 DWT"",""Tàu Xuân Bách 02 - Đồng Chưa"",""MD - Bắc Nam"",""VM - Tàu 5742"",""Tàu Mỹ Dung Đại Hùng 55"",""TB 1634"",""Tàu 4245"",""MD - TB 04"",""VM - Tàu 3499""]","[15,1,0,0,0,0,0,0,0,0]","[55,9,2,1,1,1,1,1,1,1]","[3,0,0,0,0,0,0,0,0,0]","[""Vật tư tàu"",""Sơn hàng hải"",""Sơn trang trí"",""undefined""]","[2328605122,967749250,111333600,9115000]","[17248926,24814083,5566680,3038333]","[""Sơn hàng hải"",""Vật tư tàu""]","[134.0,12.0]","[145034180,22605000]","[14.41,0.06]","[""Vật tư tàu"",""Sơn hàng hải"",""Sơn trang trí"",""undefined""]","[2306000122,822715070,111333600,9115000]","[17081482,21095258,5566680,3038333]","[""Vật tư tàu"",""Sơn hàng hải"",""undefined"",""Sơn trang trí""]","[479336791,191621195,2185067,7172]","[3550642,4913363,728355,358]","[481.08,429.34,417.15,1552322.22]","[""Vật tư tàu"",""Sơn hàng hải"",""Sơn trang trí"",""undefined""]","[135,39,20,3]","[0,1,2]","[66,15,2]","[79.52,18.07,2.41]",[0],[83],[100.0]
2025-04-21,500577674,276709,2025-03-01,2025-04-01,tháng trước,31,31,-1,6848794116.0,60.1701,283,11514862847.0,132471230.0,11382391617.0,7987997051.394536,3394394565.6054583,9.129032258064516,371447188.6129032,4273265.483871,367173923.129032,257677324.2385334,109496598.89049864,"[""Ống cao su"",""Gang thường - Gang Crom"",""Sơn hàng hải"",""Máy - bơm - củ phát"",""Hàng phụ tùng"",""Dịch vụ"",""Sơn trang trí công nợ"",""Sơn Trang Trí"",""Vật tư ngành nước"",""Bơm TY sản xuất""]","[3087900260,2593640000,2070360643,1492190000,980149700,668322982,363104262,166843000,68830000,15500000]","[7197903,7980431,12939754,25727414,870470,5180798,72620852,2735131,969437,15500000]","[""Sơn hàng hải"",""Máy - bơm - củ phát"",""Hàng phụ tùng""]","[95,2,18]","[115221230,10050000,7200000]","[5.9,0.77,0.07]","[""Ống cao su"",""Gang thường - Gang Crom"",""Sơn hàng hải"",""Máy - bơm - củ phát"",""Hàng phụ tùng"",""Dịch vụ"",""Sơn trang trí công nợ"",""Sơn Trang Trí"",""Vật tư ngành nước"",""Bơm TY sản xuất""]","[3087900260,2593640000,1955139413,1482140000,972949700,668322982,363104262,166843000,68830000,15500000]","[7197903,7980431,12219621,25554138,864076,5180798,72620852,2735131,969437,15500000]","[""Gang thường - Gang Crom"",""Ống cao su"",""Máy - bơm - củ phát"",""Sơn hàng hải"",""Hàng phụ tùng"",""Dịch vụ"",""Sơn trang trí công nợ"",""Sơn Trang Trí"",""Vật tư ngành nước"",""Bơm TY sản xuất""]","[727518993,534336101,475454924,456336272,383031118,377939874,363104262,49062502,15487693,5700000]","[2238520,1245539,8197499,2852102,340170,2929766,72620852,804303,218137,5700000]","[28,17,32,23,39,56,100,29,22,36]","[""Hàng phụ tùng"",""Ống cao su"",""Gang thường - Gang Crom"",""Sơn hàng hải"",""Dịch vụ"",""Vật tư ngành nước"",""Sơn Trang Trí"",""Máy - bơm - củ phát"",""Lô chổi giấy giáp"",""Nhân công sản xuất""]","[1126,429,325,160,129,71,61,58,19,6]","[""Bạt xanh gân sần CL"",""Rồng TH"",""Rồng đỏ TQ"",""Máy Chang Chai Nhập Khẩu"",""Lãi vay"",""Sên"",""Máy Q.Chai nhập khẩu S1110"",""Máy Q.Chai S1115 NK cộc không đề"",""Sên crom 200 - 460"",""JOTAPRIME 500 ALUMINIUM 20L""]","[822450000,694800000,448700000,423500000,383440000,314190000,299200000,253500000,241362000,224650000]","[35758696,23958621,40790909,38500000,191720000,16536316,24933333,253500000,30170250,32092857]","[""JOTAMASTIC 80 ALUMINIUM 18,3L"",""JOTAMASTIC 80 ALU.REDTONED 18,3L"",""JOTAPRIME 500 ALU.REDTONED 20L"",""PENGUARD TC STD RED 049 20L"",""Hộp số 06A"",""Đai ống rồng 273"",""PENGUARD TC STD BLUE 138 19,18L"",""JOTAPRIME 500 ALUMINIUM 20L"",""JOTUN THINNER NO.17 20L"",""JOTAFIX EPOXY PRIMER GREY 18L""]","[14,9,8,6,1,18,2,2,3,1]","[34382040,22102740,18800000,17410000,9500000,7200000,5900000,4400000,4260000,1800000]","[41.18,21.43,8.89,9.23,50.0,90.0,15.38,1.85,3.45,2.44]","[""Bạt xanh gân sần CL"",""Rồng TH"",""Rồng đỏ TQ"",""Máy Chang Chai Nhập Khẩu"",""Lãi vay"",""Sên"",""Máy Q.Chai nhập khẩu S1110"",""Máy Q.Chai S1115 NK cộc không đề"",""Sên crom 200 - 460"",""JOTAPRIME 500 ALUMINIUM 20L""]","[822450000,694800000,448700000,423500000,383440000,314190000,299200000,253500000,241362000,220250000]","[35758696,23958621,40790909,38500000,191720000,16536316,24933333,253500000,30170250,31464286]","[""Lãi vay"",""Máy Q.Chai S1115 NK cộc không đề"",""Bầu dầu + Bích ren 200CR TY"",""CKDS năm 2024"",""Bạt xanh gân sần CL"",""Rồng TH"",""CKDS quý 4/2024"",""SEAFORCE SHIELD DARK RED 20L"",""Máy Chang Chai Nhập Khẩu"",""JOTAMASTIC 85 ALU.RT 20L""]","[383440000,253500000,182000000,161648489,159950000,93000000,86753428,84000000,75326882,72300000]","[191720000,253500000,45500000,161648489,6954348,3206897,86753428,84000000,6847898,72300000]","[100,100,100,100,19,13,100,100,17,100]","[""Zoăng"",""Zoăng"",""C Lê Yeti"",""Dây thép"",""Vòng bi"",""Cước vận chuyển - Xe Chú Huân"",""Van nhựa JR"",""Tuy ô"",""Ống nhựa TP C2"",""Bạc""]","[89,80,74,61,48,48,47,46,38,32]","[""SC1"",""Tàu 5903"",""ALLSEA - GT VICTORY"",""Tàu Nbs 4500 DWT"",""PK - QN 8689"",""Hương Thảo 01 - HD 5929"",""HC - TAU HP 4833"",""Tàu chú Như Thư QN 7285"",""HC - TAU HP 5958"",""Tàu Mỹ Dung - ĐH 51""]","[6977665346,455853000,423749146,418243050,386069460,251524000,231367000,213579000,203194000,184345645]","[34888327,227926500,211874573,38022095,386069460,125762000,115683500,213579000,101597000,61448548]","[""SC1""]",[110],[128871230],[0],"[""SC1"",""Tàu 5903"",""ALLSEA - GT VICTORY"",""Tàu Nbs 4500 DWT"",""PK - QN 8689"",""Hương Thảo 01 - HD 5929"",""HC - TAU HP 4833"",""Tàu chú Như Thư QN 7285"",""HC - TAU HP 5958"",""Tàu Mỹ Dung - ĐH 51""]","[6848794116,455853000,423749146,418243050,386069460,251524000,231367000,213579000,203194000,184345645]","[34243971,227926500,211874573,38022095,386069460,125762000,115683500,213579000,101597000,61448548]","[""SC1"",""PK - QN 8689"",""Tàu 5903"",""Tàu Nbs 4500 DWT"",""Hương Thảo 01 - HD 5929"",""Tàu chú Như Thư QN 7285"",""HC - TAU HP 5958"",""HC - TAU HP 4833"",""HD 6778"",""ĐH - Dự án Chân Mây""]","[2519789342,92092538,90670168,47960717,47526536,46538815,46199960,44577256,35876519,31137349]","[12598947,92092538,45335084,4360065,23763268,46538815,23099980,22288628,35876519,10379116]","[36,23,19,11,18,21,22,19,32,20]","[""SC1"",""Tàu Nbs 4500 DWT"",""Tàu SĐ 07"",""Hương Thảo 02 - HD5919"",""Tàu HY 0150"",""MD - TB 04"",""ĐH - Dự án Chân Mây"",""SĐ 18"",""Tàu Mỹ Dung - ĐH 51"",""Cô Hạnh Viện - Tàu 4464""]","[200,11,4,4,3,3,3,3,3,3]",576,73495,154871,46185,908360189,"[""Hàng phụ tùng"",""Ống cao su"",""Gang thường - Gang Crom"",""Sơn hàng hải"",""Vật tư ngành nước"",""Lô chổi giấy giáp"",""Máy - bơm - củ phát"",""Dịch vụ"",""Sơn Trang Trí"",""Đồ Tuy ô TL""]","[26316,25849,18233,1611,740,325,261,129,123,9]","[18,0,0,95,0,0,2,0,0,0]","[972949700,3087900260,2593640000,1955139413,68830000,2675000,1482140000,668322982,166843000,1450000]","[383031118,534336101,727518993,456336272,15487693,1075826,475454924,377939874,49062502,1450000]","[""Ống cao su"",""Gang thường - Gang Crom"",""Sơn hàng hải"",""Máy - bơm - củ phát"",""Hàng phụ tùng"",""Dịch vụ"",""Sơn trang trí công nợ"",""Sơn Trang Trí"",""Vật tư ngành nước"",""Bơm TY sản xuất""]","[25849,18233,1611,261,26316,129,5,123,740,1]","[0,0,95,2,18,0,0,0,0,0]","[3087900260,2593640000,1955139413,1482140000,972949700,668322982,363104262,166843000,68830000,15500000]","[534336101,727518993,456336272,475454924,383031118,377939874,363104262,49062502,15487693,5700000]","[""Gang thường - Gang Crom"",""Ống cao su"",""Máy - bơm - củ phát"",""Sơn hàng hải"",""Hàng phụ tùng"",""Dịch vụ"",""Sơn trang trí công nợ"",""Sơn Trang Trí"",""Vật tư ngành nước"",""Bơm TY sản xuất""]","[18233,25849,261,1611,26316,129,5,123,740,1]","[0,0,2,95,18,0,0,0,0,0]","[2593640000,3087900260,1482140000,1955139413,972949700,668322982,363104262,166843000,68830000,15500000]","[727518993,534336101,475454924,456336272,383031118,377939874,363104262,49062502,15487693,5700000]","[""Bơm TY sản xuất"",""Sơn trang trí công nợ"",""Nhân công sản xuất"",""Đồ Tuy ô TL"",""Sơn Trang Trí"",""Dịch vụ"",""Máy - bơm - củ phát"",""Lô chổi giấy giáp"",""Vật tư ngành nước"",""Sơn hàng hải""]","[1,5,7,9,123,129,261,325,740,1611]","[0,0,0,0,0,0,2,0,0,95]","[15500000,363104262,3897000,1450000,166843000,668322982,1482140000,2675000,68830000,1955139413]","[5700000,363104262,3897000,1450000,49062502,377939874,475454924,1075826,15487693,456336272]","[""Đồ Tuy ô TL"",""Lô chổi giấy giáp"",""Nhân công sản xuất"",""Bơm TY sản xuất"",""Vật tư ngành nước"",""Sơn Trang Trí"",""Sơn trang trí công nợ"",""Dịch vụ"",""Hàng phụ tùng"",""Máy - bơm - củ phát""]","[9,325,7,1,740,123,5,129,26316,261]","[0,0,0,0,0,0,0,0,18,2]","[1450000,2675000,3897000,15500000,68830000,166843000,363104262,668322982,972949700,1482140000]","[1450000,1075826,3897000,5700000,15487693,49062502,363104262,377939874,383031118,475454924]","[""Lô chổi giấy giáp"",""Đồ Tuy ô TL"",""Nhân công sản xuất"",""Bơm TY sản xuất"",""Vật tư ngành nước"",""Sơn Trang Trí"",""Sơn trang trí công nợ"",""Dịch vụ"",""Hàng phụ tùng"",""Sơn hàng hải""]","[325,9,7,1,740,123,5,129,26316,1611]","[0,0,0,0,0,0,0,0,18,95]","[2675000,1450000,3897000,15500000,68830000,166843000,363104262,668322982,972949700,1955139413]","[1075826,1450000,3897000,5700000,15487693,49062502,363104262,377939874,383031118,456336272]","[""Dây thép"",""Bạt xanh gân sần CL"",""Sên crom 200 - 460"",""Bích hoa crom"",""Zoăng"",""Cánh crom 200"",""BL 12*50+LĐVE+Ê"",""Zoăng"",""BL 10*50+LĐVE+Ê"",""BL 10*30+LĐVE+Ê""]","[9047,6250,5247,3759,3156,3119,2415,2127,2100,2089]","[0,0,0,0,0,0,0,0,0,0]","[178878200,822450000,241362000,172914000,42747600,142240500,8452500,14026000,6300000,6192000]","[28221943,159950000,34105500,24433500,13087964,16632856,4574078,5387242,4064351,4940856]","[""Bạt xanh gân sần CL"",""Rồng TH"",""Rồng đỏ TQ"",""Máy Chang Chai Nhập Khẩu"",""Lãi vay"",""Sên"",""Máy Q.Chai nhập khẩu S1110"",""Máy Q.Chai S1115 NK cộc không đề"",""Sên crom 200 - 460"",""JOTAPRIME 500 ALUMINIUM 20L""]","[822450000,694800000,448700000,423500000,383440000,314190000,299200000,253500000,241362000,220250000]","[0,0,0,0,0,0,0,0,0,2]","[822450000,694800000,448700000,423500000,383440000,314190000,299200000,253500000,241362000,220250000]","[159950000,93000000,60552000,75326882,383440000,47238000,44530000,253500000,34105500,42170000]","[""Lãi vay"",""Máy Q.Chai S1115 NK cộc không đề"",""Bầu dầu + Bích ren 200CR TY"",""CKDS năm 2024"",""Bạt xanh gân sần CL"",""Rồng TH"",""CKDS quý 4/2024"",""SEAFORCE SHIELD DARK RED 20L"",""Máy Chang Chai Nhập Khẩu"",""JOTAMASTIC 85 ALU.RT 20L""]","[2,30,6,1,6250,708,1,12,43,30]","[0,0,0,0,0,0,0,0,0,0]","[383440000,253500000,182000000,161648489,822450000,694800000,86753428,84000000,423500000,72300000]","[383440000,253500000,182000000,161648489,159950000,93000000,86753428,84000000,75326882,72300000]","[""Túp 65*95"",""túp 83*132"",""Bả nội ngoại thất Interior & Exterior Putty"",""Ống sắt 168"",""Co 3/4"",""JOTUN THINNER NO.07 20L"",""Que hàn 2.5 Kim Tín"",""Zoăng tắc te gấu"",""Ty ô 4 m ; C+T"",""Máy khoan Dekton - M13""]","[0,0,0,1,1,1,1,1,1,1]","[0,0,0,0,0,0,0,0,0,0]","[70000,300000,280500,850000,30000,1300000,90000,120000,510000,720000]","[27782,140000,105601,157000,30000,179705,15000,20000,510000,40000]",,,,,,,,,,,42215910.87453875,102,98.9,"[0,1,2]","[69,21,12]","[67.65,20.59,11.76]","[10071324510.00000000,1369187337.00000000,74351000.00000000]","[87.46,11.89,0.65]","[""Kênh trực tiếp"",""Tàu Nbs 4500 DWT"",""Tàu Mỹ Dung - ĐH 51"",""Tàu HY 0150"",""ĐH - Tàu 09"",""Tàu chú Như Thư QN 7285"",""MD - TB 04"",""ĐH - Dự án Chân Mây"",""Tàu 6077"",""ĐH- Anh Hưng Bến Tre""]","[19,3,1,0,0,0,0,0,0,0]","[58,6,1,2,1,1,1,1,1,1]","[11,1,0,0,0,0,0,0,0,0]","[""Vật tư tàu"",""Sơn hàng hải"",""undefined"",""Khoản vay"",""Sơn trang trí""]","[8515778942,2005915643,437455262,383440000,172273000]","[44353015,43606861,31246804,191720000,5940448]","[""Sơn hàng hải"",""Vật tư tàu""]","[95.0,20.0]","[115221230,17250000]","[6.05,0.03]","[""Vật tư tàu"",""Sơn hàng hải"",""undefined"",""Khoản vay"",""Sơn trang trí""]","[8498528942,1890694413,437455262,383440000,172273000]","[44263171,41102052,31246804,191720000,5940448]","[""Vật tư tàu"",""Sơn hàng hải"",""undefined"",""Khoản vay"",""Sơn trang trí""]","[2137254494,437240948,384907697,383440000,51551424]","[11131533,9505238,27493406,191720000,1777635]","[397.64,432.41,113.65,100.0,334.18]","[""Vật tư tàu"",""Sơn hàng hải"",""Sơn trang trí"",""undefined"",""Khoản vay""]","[192,46,29,14,2]","[0,1,2]","[72,14,4]","[80.0,15.56,4.44]",[0],[90],[100.0]
2025-04-21,500577674,276709,2025-04-14,2025-04-21,7 ngày gần nhất,7,7,-1,627835544.0,80.4365,67,822435844.0,41900300.0,780535544.0,749564142.8774668,30971401.12253288,9.571428571428571,117490834.85714287,5985757.142857,111505077.714286,107080591.83963811,4424485.874647555,"[""Ống cao su"",""Sơn hàng hải"",""Dịch vụ"",""Sơn Trang Trí"",""Gang thường - Gang Crom"",""Hàng phụ tùng"",""Nhân công sản xuất"",""Lô chổi giấy giáp"",""Vật tư ngành nước"",""Máy - bơm - củ phát""]","[301524800,213064130,114598814,71110100,61232000,55327000,3200000,1159000,720000,500000]","[7538120,6087547,7162426,3232277,2662261,547792,800000,115900,180000,500000]","[""Sơn hàng hải"",""Vật tư ngành nước"",""Hàng phụ tùng"",""Dịch vụ""]","[38,2,4,1]","[37580300,2800000,1520000,0]","[23.46,9.52,0.41,6.25]","[""Ống cao su"",""Sơn hàng hải"",""Dịch vụ"",""Sơn Trang Trí"",""Gang thường - Gang Crom"",""Hàng phụ tùng"",""Nhân công sản xuất"",""Lô chổi giấy giáp"",""Máy - bơm - củ phát""]","[301524800,175483830,114598814,71110100,61232000,53807000,3200000,1159000,500000]","[7538120,5013824,7162426,3232277,2662261,532743,800000,115900,500000]","[""Sơn hàng hải"",""Ống cao su"",""Hàng phụ tùng"",""Gang thường - Gang Crom"",""Nhân công sản xuất"",""Lô chổi giấy giáp""]","[56616619,46023752,23276760,14087714,3200000,197807]","[1617618,1150594,230463,612509,800000,19781]","[32,15,43,23,100,17]","[""Hàng phụ tùng"",""Ống cao su"",""Sơn hàng hải"",""Gang thường - Gang Crom"",""Sơn Trang Trí"",""Dịch vụ"",""Lô chổi giấy giáp"",""Vật tư ngành nước"",""Nhân công sản xuất"",""Máy - bơm - củ phát""]","[101,40,35,23,22,16,10,4,4,1]","[""Rồng đỏ TQ"",""CP PS VTT"",""Bạt xanh gân sần CL"",""PENGUARD TC RAL 7035 18,5L"",""PENGUARD FC STD RED 049"",""PENGUARD TC STD RED 049 20L"",""JOTAPRIME 500 ALU.REDTONED 20L"",""Rồng TH"",""Jotashield Bền Màu Toàn Diện"",""Bạt xanh gân sần GS 150""]","[140700000,107558814,54000000,34632000,29600000,29500000,28600000,26130000,24805000,19500000]","[35175000,21511763,13500000,34632000,29600000,29500000,14300000,8710000,4961000,19500000]","[""JOTAPRIME 500 ALUMINIUM 20L"",""JOTAPRIME 500 ALU.REDTONED 20L"",""PENGUARD TC STD RED 049 20L"",""Đai ống rồng 250"",""PENGUARD COMPB 4L""]","[7,5,2,4,3]","[15400000,11000000,5700000,1520000,950000]","[350.0,41.67,20.0,14.81,12.5]","[""Rồng đỏ TQ"",""CP PS VTT"",""Bạt xanh gân sần CL"",""PENGUARD TC RAL 7035 18,5L"",""PENGUARD FC STD RED 049"",""Rồng TH"",""Jotashield Bền Màu Toàn Diện"",""PENGUARD TC STD RED 049 20L"",""Bạt xanh gân sần GS 150"",""Ống chống nổ SNTQ""]","[140700000,107558814,54000000,34632000,29600000,26130000,24805000,23800000,19500000,18100000]","[35175000,21511763,13500000,34632000,29600000,8710000,4961000,23800000,19500000,9050000]","[""PENGUARD TC RAL 7035 18,5L"",""Rồng đỏ TQ"",""Bạt xanh gân sần CL"",""PENGUARD FC STD RED 049"",""Đai ống rồng 250"",""PENGUARD TC STD RED 049 20L"",""JOTAPRIME 500 ALU.REDTONED 20L"",""Rồng TH"",""ALKYDPRIMER QD RED 20L"",""Lãi vay""]","[34632000,16950000,11600000,8400000,7506469,5146112,4838891,3680000,3556876,3540000]","[34632000,4237500,2900000,8400000,1876617,5146112,2419445,1226667,3556876,3540000]","[100,12,21,28,85,21,27,14,20,100]","[""Vòng bi"",""Dây thép"",""Majestic Đẹp Hoàn Hảo Bóng"",""Jotashield Bền Màu Toàn Diện"",""BL 18*80+LĐP+Ê"",""CP PS VTT"",""Đai ống rồng 250"",""Phớt"",""Bu lông"",""Majestic Primer""]","[6,6,5,5,5,5,4,4,4,4]","[""SC1"",""Tàu Nbs 4500 DWT"",""Tàu Mỹ Dung Đại Hùng 55"",""Hương Thảo 03"",""AN - Tàu BN 1395"",""Tàu Xuân Bách 02 - Đồng Chưa"",""AN - 5665"",""Tàu 7057"",""BN 1138""]","[669735844,50170000,37040000,36495000,16427000,6100000,2156000,2156000,2156000]","[11351455,50170000,37040000,36495000,16427000,6100000,2156000,2156000,2156000]","[""SC1""]",[45],[41900300],[1],"[""SC1"",""Tàu Nbs 4500 DWT"",""Tàu Mỹ Dung Đại Hùng 55"",""Hương Thảo 03"",""AN - Tàu BN 1395"",""Tàu Xuân Bách 02 - Đồng Chưa"",""Tàu 7057"",""AN - 5665"",""BN 1138""]","[627835544,50170000,37040000,36495000,16427000,6100000,2156000,2156000,2156000]","[10641280,50170000,37040000,36495000,16427000,6100000,2156000,2156000,2156000]","[""Tàu Nbs 4500 DWT"",""Tàu Mỹ Dung Đại Hùng 55"",""Hương Thảo 03"",""AN - Tàu BN 1395"",""BN 1138"",""Tàu 7057"",""AN - 5665"",""Tàu Xuân Bách 02 - Đồng Chưa""]","[8752189,8316000,8135913,2832908,1208000,1208000,1208000,1061619]","[8752189,8316000,8135913,2832908,1208000,1208000,1208000,1061619]","[17,22,22,17,56,56,56,17]","[""SC1"",""Tàu Xuân Bách 02 - Đồng Chưa"",""Tàu Mỹ Dung Đại Hùng 55"",""AN - Tàu BN 1395"",""Tàu 7057"",""AN - 5665"",""BN 1138"",""Hương Thảo 03"",""Tàu Nbs 4500 DWT""]","[59,1,1,1,1,1,1,1,1]",172,3805,205101,8138,36432000,"[""Ống cao su"",""Hàng phụ tùng"",""Gang thường - Gang Crom"",""Sơn hàng hải"",""Lô chổi giấy giáp"",""Sơn Trang Trí"",""Vật tư ngành nước"",""Dịch vụ"",""Nhân công sản xuất"",""Máy - bơm - củ phát""]","[1632,980,798,162,162,73,21,16,4,1]","[0,4,0,38,0,0,2,1,0,0]","[301524800,53807000,61232000,175483830,1159000,71110100,-2080000,114598814,3200000,500000]","[46023752,23276760,14087714,56616619,197807,-9749333,-812452,-101819036,3200000,-50430]","[""Ống cao su"",""Sơn hàng hải"",""Dịch vụ"",""Sơn Trang Trí"",""Gang thường - Gang Crom"",""Hàng phụ tùng"",""Nhân công sản xuất"",""Lô chổi giấy giáp"",""Máy - bơm - củ phát""]","[1632,162,16,73,798,980,4,162,1]","[0,38,1,0,0,4,0,0,0]","[301524800,175483830,114598814,71110100,61232000,53807000,3200000,1159000,500000]","[46023752,56616619,-101819036,-9749333,14087714,23276760,3200000,197807,-50430]","[""Sơn hàng hải"",""Ống cao su"",""Hàng phụ tùng"",""Gang thường - Gang Crom"",""Nhân công sản xuất"",""Lô chổi giấy giáp""]","[162,1632,980,798,4,162]","[38,0,4,0,0,0]","[175483830,301524800,53807000,61232000,3200000,1159000]","[56616619,46023752,23276760,14087714,3200000,197807]","[""Máy - bơm - củ phát"",""Nhân công sản xuất"",""Dịch vụ"",""Vật tư ngành nước"",""Sơn Trang Trí"",""Sơn hàng hải"",""Lô chổi giấy giáp"",""Gang thường - Gang Crom"",""Hàng phụ tùng"",""Ống cao su""]","[1,4,16,21,73,162,162,798,980,1632]","[0,0,1,2,0,38,0,0,4,0]","[500000,3200000,114598814,-2080000,71110100,175483830,1159000,61232000,53807000,301524800]","[-50430,3200000,-101819036,-812452,-9749333,56616619,197807,14087714,23276760,46023752]","[""Máy - bơm - củ phát"",""Lô chổi giấy giáp"",""Nhân công sản xuất"",""Hàng phụ tùng"",""Gang thường - Gang Crom"",""Sơn Trang Trí"",""Dịch vụ"",""Sơn hàng hải"",""Ống cao su""]","[1,162,4,980,798,73,16,162,1632]","[0,0,0,4,0,0,1,38,0]","[500000,1159000,3200000,53807000,61232000,71110100,114598814,175483830,301524800]","[-50430,197807,3200000,23276760,14087714,-9749333,-101819036,56616619,46023752]","[""Lô chổi giấy giáp"",""Nhân công sản xuất"",""Gang thường - Gang Crom"",""Hàng phụ tùng"",""Ống cao su"",""Sơn hàng hải""]","[162,4,798,980,1632,162]","[0,0,0,4,0,38]","[1159000,3200000,61232000,53807000,301524800,175483830]","[197807,3200000,14087714,23276760,46023752,56616619]","[""Bạt xanh gân sần CL"",""Dây thép"",""Sên crom 250 MC"",""Sên crom 200 - 460"",""Tuy ô dầu Nhật"",""Bạt xanh gân sần GS 150"",""Dây bô thái"",""Sắt 6"",""BL 12*50+LĐVE+Ê"",""Giáp máy P36""]","[400,395,326,250,200,150,135,104,100,100]","[0,0,0,0,0,0,0,0,0,0]","[54000000,7900000,15322000,11500000,3400000,19500000,11102800,1872000,350000,200000]","[11600000,1007865,2259252,1625000,1188210,2250000,1596470,291200,182810,16222]","[""Rồng đỏ TQ"",""CP PS VTT"",""Bạt xanh gân sần CL"",""PENGUARD TC RAL 7035 18,5L"",""PENGUARD FC STD RED 049"",""Rồng TH"",""Jotashield Bền Màu Toàn Diện"",""PENGUARD TC STD RED 049 20L"",""Bạt xanh gân sần GS 150"",""Ống chống nổ SNTQ""]","[140700000,107558814,54000000,34632000,29600000,26130000,24805000,23800000,19500000,18100000]","[0,0,0,0,0,0,0,2,0,0]","[140700000,107558814,54000000,34632000,29600000,26130000,24805000,23800000,19500000,18100000]","[16950000,-101409036,11600000,34632000,8400000,3680000,-11726206,5146112,2250000,2800000]","[""PENGUARD TC RAL 7035 18,5L"",""Rồng đỏ TQ"",""Bạt xanh gân sần CL"",""PENGUARD FC STD RED 049"",""Đai ống rồng 250"",""PENGUARD TC STD RED 049 20L"",""JOTAPRIME 500 ALU.REDTONED 20L"",""Rồng TH"",""ALKYDPRIMER QD RED 20L"",""Lãi vay""]","[9,10,400,10,27,10,12,20,10,1]","[0,0,0,0,4,2,5,0,0,0]","[34632000,140700000,54000000,29600000,8740000,23800000,17600000,26130000,17000000,3540000]","[34632000,16950000,11600000,8400000,7506469,5146112,4838891,3680000,3556876,3540000]","[""Túp 83*135"",""túp 83*132"",""Kìm điện"",""Góc lái thủy lực"",""Bộ Cle Yeti"",""Cánh FC 150"",""Bình dầu két nước máy 20"",""Củ ren sắt"",""Đai ống 150"",""Bích ren 200""]","[0,0,1,1,1,1,1,1,1,1]","[0,0,0,0,0,0,0,0,0,0]","[450000,600000,90000,900000,430000,1650000,500000,380000,950000,2650000]","[180000,280000,40000,550000,158333,400000,-50430,230000,350000,602262]","[""Giáp vuông 150"",""Lô nhỡ""]","[2,3]","[0,0]","[4000,60000]","[2229,18097]",,,,,,12447891.57575758,43,97.67,"[0,1,2]","[37,5,1]","[86.05,11.63,2.33]","[603078844.00000000,218482000.00000000,875000.00000000]","[73.33,26.57,0.11]","[""Kênh trực tiếp"",""Tàu Mỹ Dung Đại Hùng 55"",""Hương Thảo 03"",""Tàu Nbs 4500 DWT"",""Tàu Xuân Bách 02 - Đồng Chưa"",""Tàu 7057"",""AN - Tàu BN 1395"",""AN - 5665"",""BN 1138""]","[5,0,0,0,0,0,0,0,0]","[33,1,1,1,1,1,1,1,1]","[1,0,0,0,0,0,0,0,0]","[""Vật tư tàu"",""Sơn hàng hải"",""Sơn trang trí"",""undefined""]","[537827614,211464130,72269100,875000]","[12805419,19224011,5559161,875000]","[""Sơn hàng hải"",""Vật tư tàu""]","[39.0,6.0]","[37580300,4320000]","[15.6,0.18]","[""Vật tư tàu"",""Sơn hàng hải"",""Sơn trang trí"",""undefined""]","[533507614,173883830,72269100,875000]","[12702562,15807620,5559161,875000]","[""Sơn hàng hải"",""undefined""]","[56157652,179999]","[5105241,179999]","[309.64,486.11]","[""Vật tư tàu"",""Sơn trang trí"",""Sơn hàng hải"",""undefined""]","[42,13,11,1]","[0,1,2]","[35,6,1]","[83.33,14.29,2.38]",[0],[42],[100.0]
